/cyl_data/car_plate/565822_粤ZD451港_1.png 4 71 163 238 169 81 218 246 225
/cyl_data/car_plate/554255_粤YHY216_0.png 4 41 64 157 85 40 125 156 155
/cyl_data/car_plate/550699_粤YZE969_0.png 4 39 65 162 94 36 127 161 160
/cyl_data/car_plate/584015_粤YRS528_0.png 4 45 86 197 111 42 143 193 175
/cyl_data/car_plate/558977_粤GLJ903_0.png 4 80 170 306 136 81 255 308 220
/cyl_data/car_plate/519297_闽DUM331_0.png 4 68 155 294 154 71 227 295 225
/cyl_data/car_plate/576179_粤YRQ060_0.png 4 86 180 336 153 94 262 342 233
/cyl_data/car_plate/566003_粤YDC960_0.png 4 86 187 328 155 87 270 326 232
/cyl_data/car_plate/532367_闽D1F012_1.png 4 3 148 225 140 2 222 233 216
/cyl_data/car_plate/566067_粤E995H0_0.png 4 65 152 298 123 70 234 303 200
/cyl_data/car_plate/574043_粤ETY025_0.png 4 58 152 285 121 57 228 280 195
/cyl_data/car_plate/572342_粤TXF957_0.png 4 76 171 309 140 78 256 312 222
/cyl_data/car_plate/555240_粤TXQ236_0.png 4 61 127 236 125 63 183 238 184
/cyl_data/car_plate/569660_粤EVZ734_0.png 4 64 171 325 131 61 261 320 218
/cyl_data/car_plate/557232_粤A8095P_0.png 4 67 163 311 129 66 252 311 217
/cyl_data/car_plate/576304_粤FAG220_0.png 4 55 151 286 119 58 237 290 200
/cyl_data/car_plate/565138_粤J7502R_0.png 4 65 143 281 119 63 213 279 183
/cyl_data/car_plate/590542_粤Y1808C_0.png 4 95 177 313 148 95 247 312 215
/cyl_data/car_plate/575088_粤B4U720_0.png 4 40 63 168 98 37 120 164 156
/cyl_data/car_plate/585126_粤XBS276_1.png 4 63 318 268 333 62 387 265 404
/cyl_data/car_plate/589244_粤S8616Q_0.png 4 59 145 273 114 59 218 272 185
/cyl_data/car_plate/584491_粤E126E9_0.png 4 61 162 300 126 61 241 298 203
/cyl_data/car_plate/571932_粤YYG733_0.png 4 79 178 313 142 77 251 311 218
/cyl_data/car_plate/570832_粤T5523U_0.png 4 60 151 289 124 59 234 292 201
/cyl_data/car_plate/564979_粤EML939_0.png 4 32 105 211 118 34 168 214 181
/cyl_data/car_plate/581801_粤EV3443_0.png 4 68 132 257 133 72 193 257 197
/cyl_data/car_plate/557349_粤TB159T_0.png 4 1 141 230 113 3 218 229 189
/cyl_data/car_plate/585002_粤T0C718_0.png 4 64 122 279 94 66 200 278 172
/cyl_data/car_plate/551094_闽D5069N_0.png 4 76 164 302 156 77 242 306 232
/cyl_data/car_plate/563245_沪CAE536_0.png 4 83 168 332 176 81 248 332 257
/cyl_data/car_plate/563068_粤YCZ777_0.png 4 70 165 304 130 71 241 299 208
/cyl_data/car_plate/581716_闽DNR162_0.png 4 71 146 281 139 73 216 286 206
/cyl_data/car_plate/573494_粤B8AS12_0.png 4 40 56 162 84 35 111 157 145
/cyl_data/car_plate/556028_粤T002Y0_0.png 4 72 152 299 128 71 237 294 205
/cyl_data/car_plate/585177_辽MR4978_0.png 4 53 145 259 112 51 220 260 182
/cyl_data/car_plate/566100_粤A769R6_0.png 4 0 96 172 103 6 151 176 160
/cyl_data/car_plate/564166_粤E21C19_0.png 4 54 98 202 120 52 155 202 185
/cyl_data/car_plate/578761_粤YSP830_0.png 4 50 99 221 104 51 160 222 166
/cyl_data/car_plate/550679_粤XAX696_0.png 4 53 116 217 118 56 172 221 175
/cyl_data/car_plate/486161_闽D1832D_0.png 4 60 163 312 159 62 239 311 235
/cyl_data/car_plate/560546_黑A375LK_0.png 4 60 155 285 124 61 228 287 196
/cyl_data/car_plate/583372_桂LWA005_0.png 4 61 124 241 127 65 182 244 189
/cyl_data/car_plate/554770_粤Y37765_0.png 4 53 110 221 113 57 167 224 173
/cyl_data/car_plate/583071_粤S2F769_1.png 4 0 70 147 93 3 123 149 151
/cyl_data/car_plate/565822_粤ZD451港_0.png 4 44 102 208 108 53 156 216 165
/cyl_data/car_plate/565865_粤XLH596_0.png 4 77 175 319 149 80 255 319 227
/cyl_data/car_plate/588623_粤Y65099_0.png 4 80 165 316 169 80 243 321 244
/cyl_data/car_plate/576295_粤Y8C088_0.png 4 31 54 147 82 34 113 146 147
/cyl_data/car_plate/570463_粤Y12C45_0.png 4 72 143 286 162 75 216 289 240
/cyl_data/car_plate/493760_闽D6286M_0.png 4 47 129 262 125 50 193 266 189
/cyl_data/car_plate/568302_粤LC950U_0.png 4 54 105 221 115 57 163 227 175
/cyl_data/car_plate/577832_粤VB9612_0.png 4 75 160 292 127 74 234 296 200
/cyl_data/car_plate/563546_粤E8Q727_0.png 4 60 189 233 191 63 250 236 255
/cyl_data/car_plate/520550_闽DZ5T25_0.png 4 74 169 315 165 77 253 317 242
/cyl_data/car_plate/582946_粤AH967R_0.png 4 65 160 295 129 67 237 300 203
/cyl_data/car_plate/571169_粤YJY785_0.png 4 60 152 289 126 62 229 287 201
/cyl_data/car_plate/575225_粤YSC972_1.png 4 46 84 196 104 51 138 201 164
/cyl_data/car_plate/551273_闽D60Z23_0.png 4 65 168 320 162 63 245 324 240
/cyl_data/car_plate/561839_湘ELR982_0.png 4 47 80 199 100 47 140 198 164
/cyl_data/car_plate/568086_粤Y0207K_0.png 4 76 166 311 134 75 247 307 211
/cyl_data/car_plate/557410_粤A7890B_0.png 4 67 153 284 127 67 227 282 200
/cyl_data/car_plate/573768_粤MFP159_0.png 4 77 164 293 139 78 235 294 209
/cyl_data/car_plate/583884_粤LK6805_0.png 4 73 164 316 137 79 246 315 213
/cyl_data/car_plate/555119_闽DD067E_0.png 4 38 77 130 72 38 110 128 108
/cyl_data/car_plate/572736_粤YVH183_0.png 4 36 53 137 85 34 108 134 144
/cyl_data/car_plate/562039_粤Y0D899_0.png 4 55 122 236 129 61 177 239 186
/cyl_data/car_plate/554650_粤EVZ734_0.png 4 55 122 246 128 59 185 249 193
/cyl_data/car_plate/562838_粤AH967R_0.png 4 70 165 295 136 75 240 295 209
/cyl_data/car_plate/578019_粤Y72D40_0.png 4 71 133 271 147 69 196 269 210
/cyl_data/car_plate/580553_粤YL3065_0.png 4 49 83 204 112 46 151 200 182
/cyl_data/car_plate/531511_闽D927BH_0.png 4 45 144 284 134 53 220 289 206
/cyl_data/car_plate/571018_粤B863VD_0.png 4 66 166 312 128 69 248 312 205
/cyl_data/car_plate/567865_贵GAR202_0.png 4 71 161 288 140 74 232 289 207
/cyl_data/car_plate/579053_粤Y8Y110_0.png 4 118 238 355 198 124 328 362 287
/cyl_data/car_plate/562128_粤XN6801_1.png 4 163 178 372 150 161 245 369 217
/cyl_data/car_plate/573822_粤YRG330_0.png 4 64 154 291 124 64 234 291 203
/cyl_data/car_plate/576548_粤ETH195_0.png 4 70 163 297 133 68 241 298 204
/cyl_data/car_plate/557349_粤TB159T_1.png 4 74 160 308 134 76 241 306 212
/cyl_data/car_plate/556819_粤YMQ313_0.png 4 64 144 282 122 68 218 282 191
/cyl_data/car_plate/589298_湘MF8199_0.png 4 59 112 228 129 55 170 226 191
/cyl_data/car_plate/575278_粤J6669F_0.png 4 79 147 314 115 79 231 313 195
/cyl_data/car_plate/590210_粤AM856U_0.png 4 42 79 205 102 41 144 204 170
/cyl_data/car_plate/553786_粤Y6589E_0.png 4 59 139 277 116 58 212 275 184
/cyl_data/car_plate/562128_粤XN6801_0.png 4 63 140 273 111 60 207 270 177
/cyl_data/car_plate/578485_桂NS6282_0.png 4 48 86 206 111 49 147 202 171
/cyl_data/car_plate/553844_粤ERU901_0.png 4 46 77 183 104 47 137 182 165
/cyl_data/car_plate/552033_粤YJZ971_0.png 4 51 159 282 122 55 237 277 198
/cyl_data/car_plate/571387_粤Y095Z3_0.png 4 81 162 320 131 79 241 319 207
/cyl_data/car_plate/583277_粤Y3B797_0.png 4 56 118 233 121 67 178 240 187
/cyl_data/car_plate/556383_粤Y616T5_0.png 4 35 68 141 77 32 103 138 115
/cyl_data/car_plate/560327_粤YSG573_1.png 4 50 312 220 314 57 363 224 370
/cyl_data/car_plate/554093_粤YHS056_0.png 4 79 169 312 141 83 249 312 214
/cyl_data/car_plate/584297_浙C38R82_0.png 4 40 62 165 90 39 120 162 149
/cyl_data/car_plate/568142_苏F901KW_0.png 4 60 142 277 114 52 205 271 181
/cyl_data/car_plate/588583_粤Y306V1_0.png 4 66 144 282 120 66 218 282 192
/cyl_data/car_plate/555721_粤Y616T5_0.png 4 54 116 229 119 58 173 231 180
/cyl_data/car_plate/554748_粤J6270T_0.png 4 78 164 307 138 80 244 304 215
/cyl_data/car_plate/561495_湘AJC699_0.png 4 56 122 231 128 65 184 234 198
/cyl_data/car_plate/575188_粤Y9665E_0.png 4 62 152 277 123 64 228 279 194
/cyl_data/car_plate/495427_闽D6286M_0.png 4 58 122 236 121 64 188 244 181
/cyl_data/car_plate/573653_粤J6270T_0.png 4 67 165 301 139 69 242 301 215
/cyl_data/car_plate/573724_闽DD067E_0.png 4 67 157 295 127 71 236 296 200
/cyl_data/car_plate/562680_浙MKW707_0.png 4 28 65 143 92 32 120 144 155
/cyl_data/car_plate/564021_粤AE893V_0.png 4 48 94 186 109 51 150 193 169
/cyl_data/car_plate/586634_粤AV382W_0.png 4 67 153 288 126 64 227 287 198
/cyl_data/car_plate/496419_闽D43471_0.png 4 35 86 173 76 37 151 181 138
/cyl_data/car_plate/559121_粤Y93B79_1.png 4 69 145 284 122 65 217 279 192
/cyl_data/car_plate/573406_粤A7FX22_0.png 4 64 152 284 120 63 225 282 192
/cyl_data/car_plate/564002_黑A375LK_0.png 4 60 143 259 115 60 209 262 181
/cyl_data/car_plate/567674_粤A6882L_0.png 4 60 142 282 120 58 215 283 192
/cyl_data/car_plate/564142_粤YRS229_0.png 4 58 123 246 127 60 190 249 195
/cyl_data/car_plate/570828_粤YTJ007_0.png 4 80 172 296 136 80 247 298 210
/cyl_data/car_plate/559545_粤X36Y60_0.png 4 66 150 287 123 64 225 285 196
/cyl_data/car_plate/555034_粤FAG220_0.png 4 57 158 295 121 59 245 295 211
/cyl_data/car_plate/584907_粤Y577N3_0.png 4 67 158 289 133 72 230 286 200
/cyl_data/car_plate/578715_粤T298X4_0.png 4 66 141 278 115 70 223 277 193
/cyl_data/car_plate/563546_粤E8Q727_1.png 4 114 204 287 206 116 263 289 271
/cyl_data/car_plate/552490_粤A8714L_0.png 4 50 83 204 111 43 142 203 168
/cyl_data/car_plate/555054_粤YZP797_0.png 4 34 58 149 86 36 114 145 145
/cyl_data/car_plate/555977_粤EVZ734_0.png 4 59 159 301 127 60 240 300 206
/cyl_data/car_plate/583504_闽DD067E_0.png 4 70 156 292 130 73 234 295 202
/cyl_data/car_plate/558023_粤Y35306_0.png 4 76 152 288 125 73 226 282 201
/cyl_data/car_plate/550647_粤Y6589E_0.png 4 68 145 293 121 68 223 292 195
/cyl_data/car_plate/566128_粤EB500学_0.png 4 57 110 225 118 61 165 229 175
/cyl_data/car_plate/556916_粤YYE562_0.png 4 65 155 283 133 66 227 283 204
/cyl_data/car_plate/510476_闽D6286M_0.png 4 54 136 271 133 57 203 276 200
/cyl_data/car_plate/574021_粤R27U50_0.png 4 67 161 296 132 67 240 295 206
/cyl_data/car_plate/525860_闽D6260K_0.png 4 76 168 331 164 80 253 328 245
/cyl_data/car_plate/555240_粤TXQ236_1.png 4 104 127 279 126 108 179 281 181
/cyl_data/car_plate/589532_粤YZL706_0.png 4 78 165 333 153 79 248 334 231
/cyl_data/car_plate/557265_粤YTJ007_0.png 4 93 180 310 151 94 259 311 226
/cyl_data/car_plate/550328_粤EEY116_0.png 4 73 135 254 137 78 197 257 204
/cyl_data/car_plate/584285_粤YCP751_1.png 4 98 119 275 130 104 176 276 190
/cyl_data/car_plate/575365_闽DG0P02_0.png 4 87 153 292 151 88 229 292 222
/cyl_data/car_plate/566156_粤ZD451港_0.png 4 118 237 312 247 122 293 311 308
/cyl_data/car_plate/549020_粤Y0A832_0.png 4 36 54 141 82 36 116 144 144
/cyl_data/car_plate/586262_豫S28689_0.png 4 74 147 303 121 73 226 300 197
/cyl_data/car_plate/556669_粤XLH596_0.png 4 53 103 219 117 54 163 218 182
/cyl_data/car_plate/561884_粤YJ7455_0.png 4 74 142 258 150 81 203 264 210
/cyl_data/car_plate/548230_粤E7Q799_0.png 4 66 171 299 129 67 248 299 202
/cyl_data/car_plate/577628_粤HFT127_0.png 4 59 146 284 112 59 224 285 190
/cyl_data/car_plate/564040_粤AL1G88_0.png 4 65 160 289 128 66 235 290 203
/cyl_data/car_plate/575999_粤A4B3T3_0.png 4 79 162 323 150 75 243 326 229
/cyl_data/car_plate/565558_粤JKB325_0.png 4 64 136 278 113 62 210 273 185
/cyl_data/car_plate/580179_粤Y13S43_0.png 4 32 60 153 84 36 116 159 146
/cyl_data/car_plate/584686_粤YRG330_0.png 4 66 158 297 126 69 242 299 206
/cyl_data/car_plate/565811_粤HJP393_0.png 4 38 61 161 87 42 114 160 150
/cyl_data/car_plate/589954_闽DF729L_0.png 4 81 175 322 167 84 251 320 243
/cyl_data/car_plate/519128_闽DJ263U_0.png 4 52 144 310 143 49 231 309 224
/cyl_data/car_plate/581113_粤Y25170_0.png 4 75 165 303 131 77 244 302 212
/cyl_data/car_plate/554435_粤YXN727_0.png 4 39 61 161 91 40 121 162 151
/cyl_data/car_plate/563203_粤ZS655港_0.png 4 51 143 268 114 52 210 268 185
/cyl_data/car_plate/552797_粤YY0333_0.png 4 68 125 245 133 69 187 246 198
/cyl_data/car_plate/577983_粤MDT797_2.png 4 44 81 191 106 43 144 191 171
/cyl_data/car_plate/569021_粤XGT970_0.png 4 64 130 274 106 62 196 275 170
/cyl_data/car_plate/553550_粤E208A3_0.png 4 38 48 132 78 37 105 131 138
/cyl_data/car_plate/486161_闽D1832D_1.png 4 15 164 257 160 16 241 259 239
/cyl_data/car_plate/558407_粤Y664N9_0.png 4 82 139 300 113 88 216 303 188
/cyl_data/car_plate/499347_闽DU8823_0.png 4 51 110 201 98 53 177 204 165
/cyl_data/car_plate/555911_粤QXH320_0.png 4 46 127 269 98 48 213 271 182
/cyl_data/car_plate/566664_粤EB500学_0.png 4 79 174 344 164 82 251 348 241
/cyl_data/car_plate/548279_粤Y6068F_0.png 4 59 153 285 119 56 235 290 200
/cyl_data/car_plate/583071_粤S2F769_0.png 4 46 85 194 111 47 145 196 170
/cyl_data/car_plate/508485_闽DL5G55_0.png 4 74 172 321 162 78 252 323 239
/cyl_data/car_plate/582774_粤YRH214_0.png 4 58 123 231 124 61 181 235 187
/cyl_data/car_plate/579172_粤E7030A_0.png 4 62 149 283 117 60 225 286 192
/cyl_data/car_plate/558674_粤AV516G_0.png 4 62 153 290 125 57 227 290 199
/cyl_data/car_plate/560875_粤E8992C_0.png 4 66 149 275 116 66 223 278 187
/cyl_data/car_plate/563489_粤J7502R_0.png 4 60 114 238 124 61 177 241 187
/cyl_data/car_plate/582166_鲁DDE328_0.png 4 68 156 303 127 66 237 301 204
/cyl_data/car_plate/554872_粤YRS229_0.png 4 68 152 296 125 68 240 298 210
/cyl_data/car_plate/567322_粤E660G6_0.png 4 59 106 228 111 58 166 228 173
/cyl_data/car_plate/572390_粤YRS229_2.png 4 74 175 266 177 79 243 268 246
/cyl_data/car_plate/498627_闽DMF980_0.png 4 70 138 268 134 74 219 272 210
/cyl_data/car_plate/554140_粤LFN577_1.png 4 97 152 234 177 101 209 238 235
/cyl_data/car_plate/566262_粤JQC515_0.png 4 121 167 342 138 122 246 338 214
/cyl_data/car_plate/578709_粤Y28A29_0.png 4 64 147 284 115 66 218 280 187
/cyl_data/car_plate/560327_粤YSG573_2.png 4 56 117 225 118 61 167 234 175
/cyl_data/car_plate/573365_粤Y74506_0.png 4 71 155 291 129 69 229 283 199
/cyl_data/car_plate/532367_闽D1F012_0.png 4 72 154 306 149 76 235 312 225
/cyl_data/car_plate/559942_粤AY7F52_0.png 4 43 72 181 97 33 136 172 164
/cyl_data/car_plate/581093_粤YLN702_0.png 4 98 184 341 147 96 274 340 229
/cyl_data/car_plate/573304_粤YFZ092_0.png 4 50 118 219 118 55 172 223 175
/cyl_data/car_plate/559269_粤Y0200G_0.png 4 68 142 282 115 66 225 284 193
/cyl_data/car_plate/575977_粤ENK100_0.png 4 78 163 291 139 76 227 289 203
/cyl_data/car_plate/577588_粤Y0909H_0.png 4 76 148 312 124 72 230 311 203
/cyl_data/car_plate/551323_粤YDC200_0.png 4 59 118 239 119 62 184 239 189
/cyl_data/car_plate/569052_粤YFZ334_1.png 4 80 108 305 76 79 198 306 161
/cyl_data/car_plate/574739_粤YEA603_0.png 4 89 155 306 126 91 239 306 206
/cyl_data/car_plate/566699_粤EJJ460_0.png 4 51 130 280 103 49 211 277 180
/cyl_data/car_plate/555599_粤XJQ990_0.png 4 75 183 307 145 80 262 315 226
/cyl_data/car_plate/587913_闽DR235T_0.png 4 66 149 279 123 64 217 278 186
/cyl_data/car_plate/558887_粤YFM855_0.png 4 63 140 266 117 59 210 260 185
/cyl_data/car_plate/558110_粤Y867J3_0.png 4 43 79 148 81 40 113 149 115
/cyl_data/car_plate/575051_粤YRS229_0.png 4 74 163 305 137 78 251 308 219
/cyl_data/car_plate/566156_粤ZD451港_1.png 4 55 119 245 130 59 177 248 189
/cyl_data/car_plate/563313_桂LWA005_0.png 4 58 113 232 120 62 171 234 180
/cyl_data/car_plate/584232_粤YHH103_0.png 4 63 153 278 126 64 226 280 197
/cyl_data/car_plate/566734_粤Y74798_0.png 4 63 142 278 116 66 217 283 190
/cyl_data/car_plate/551940_粤YJH030_0.png 4 59 128 231 132 63 187 235 195
/cyl_data/car_plate/584899_粤J6669F_0.png 4 75 145 300 122 75 220 305 196
/cyl_data/car_plate/554421_粤Y9733J_0.png 4 36 54 141 86 39 107 146 144
/cyl_data/car_plate/498516_闽D086N2_0.png 4 63 149 307 147 68 231 309 225
/cyl_data/car_plate/567286_粤Y0996H_0.png 4 72 144 281 121 67 211 276 183
/cyl_data/car_plate/584587_粤Y068J8_0.png 4 72 153 290 120 75 230 291 192
/cyl_data/car_plate/573673_粤Y37765_0.png 4 45 103 212 108 50 163 216 167
/cyl_data/car_plate/585923_粤YMR565_1.png 4 51 129 291 91 50 218 289 180
/cyl_data/car_plate/566109_粤AB61N2_0.png 4 61 140 280 110 60 215 279 184
/cyl_data/car_plate/584868_粤YTJ936_0.png 4 86 174 317 149 88 248 319 218
/cyl_data/car_plate/580433_闽A0H6W5_0.png 4 75 151 307 151 77 231 309 224
/cyl_data/car_plate/553547_粤Y68833_0.png 4 94 186 336 151 97 274 342 236
/cyl_data/car_plate/564120_粤S8V9H6_0.png 4 36 52 138 86 33 109 136 147
/cyl_data/car_plate/582484_粤EED530_1.png 4 63 134 260 128 64 193 258 183
/cyl_data/car_plate/561687_闽B5372B_0.png 4 54 152 276 118 54 231 279 191
/cyl_data/car_plate/555245_粤QXH320_0.png 4 54 122 239 124 55 186 239 190
/cyl_data/car_plate/557635_粤YQ0773_1.png 4 67 164 302 131 65 244 297 210
/cyl_data/car_plate/558110_粤Y867J3_1.png 4 83 163 304 136 81 246 302 214
/cyl_data/car_plate/572482_粤Y1130E_0.png 4 57 124 227 131 62 180 231 190
/cyl_data/car_plate/575521_粤YTS000_0.png 4 70 163 302 134 72 244 303 209
/cyl_data/car_plate/578581_粤YA189S_0.png 4 42 150 265 126 45 226 264 197
/cyl_data/car_plate/570415_粤AF871S_0.png 4 74 165 305 139 78 244 304 215
/cyl_data/car_plate/565675_粤Y0014D_0.png 4 47 75 200 101 46 136 199 165
/cyl_data/car_plate/584298_桂KS0320_0.png 4 67 129 267 140 64 195 266 207
/cyl_data/car_plate/585405_粤YVF331_0.png 4 56 119 238 124 59 184 243 193
/cyl_data/car_plate/559121_粤Y93B79_0.png 4 47 80 143 76 46 120 140 113
/cyl_data/car_plate/551322_粤AM285N_0.png 4 57 148 283 122 57 220 280 192
/cyl_data/car_plate/584908_粤BA117V_0.png 4 69 119 244 139 64 179 242 203
/cyl_data/car_plate/556844_粤YL8772_0.png 4 79 167 319 156 80 248 319 235
/cyl_data/car_plate/575122_贵GAR202_1.png 4 74 173 321 148 74 250 321 223
/cyl_data/car_plate/552764_桂JLV833_0.png 4 59 123 233 134 58 183 232 197
/cyl_data/car_plate/569570_粤Y577N3_0.png 4 67 157 296 118 65 239 293 198
/cyl_data/car_plate/582596_粤T298X4_0.png 4 64 148 285 122 67 225 289 196
/cyl_data/car_plate/548831_粤Y664N9_0.png 4 34 68 134 68 33 118 134 116
/cyl_data/car_plate/581841_粤Y1611G_0.png 4 73 161 289 132 74 235 290 203
/cyl_data/car_plate/554140_粤LFN577_0.png 4 40 69 176 93 40 126 178 155
/cyl_data/car_plate/586338_粤S537NQ_0.png 4 56 97 222 117 57 155 223 181
/cyl_data/car_plate/513612_闽DF3N37_0.png 4 85 167 317 160 88 245 321 234
/cyl_data/car_plate/555538_粤YCL090_0.png 4 79 161 289 138 77 234 287 208
/cyl_data/car_plate/499001_闽D1A201_0.png 4 77 159 288 153 79 228 292 216
/cyl_data/car_plate/577994_粤E2839警_0.png 4 57 109 229 110 59 168 233 169
/cyl_data/car_plate/493379_闽D623Y5_0.png 4 48 145 297 142 53 224 295 221
/cyl_data/car_plate/556383_粤Y616T5_2.png 4 64 150 281 126 64 223 280 196
/cyl_data/car_plate/553981_粤Y9C315_0.png 4 45 76 184 104 47 139 185 168
/cyl_data/car_plate/551126_粤Y867J3_0.png 4 69 155 303 128 69 235 300 204
/cyl_data/car_plate/568987_粤YL3725_0.png 4 76 153 286 118 82 230 288 191
/cyl_data/car_plate/554718_粤YJ7455_0.png 4 75 138 253 140 78 196 257 204
/cyl_data/car_plate/541869_闽DL5G55_0.png 4 43 149 283 140 46 229 284 216
/cyl_data/car_plate/564411_粤YJ7455_0.png 4 69 135 249 141 73 195 253 207
/cyl_data/car_plate/553412_粤EET100_0.png 4 46 63 150 94 41 119 144 155
/cyl_data/car_plate/570628_粤YHH103_0.png 4 71 168 302 136 76 245 299 218
/cyl_data/car_plate/577343_粤A6GP24_0.png 4 39 81 204 104 38 143 204 171
/cyl_data/car_plate/587252_皖AHU874_0.png 4 38 59 155 87 40 114 155 148
/cyl_data/car_plate/527255_闽DF3N37_0.png 4 76 153 314 148 76 231 317 225
/cyl_data/car_plate/573659_粤Y6589E_0.png 4 66 145 290 117 65 219 287 191
/cyl_data/car_plate/518778_闽D2690Z_0.png 4 55 146 291 141 53 221 292 216
/cyl_data/car_plate/586824_粤Y72C66_0.png 4 84 159 300 145 80 231 296 212
/cyl_data/car_plate/573161_粤YXG804_0.png 4 82 162 294 136 83 231 297 204
/cyl_data/car_plate/572390_粤YRS229_1.png 4 63 129 256 130 65 197 254 198
/cyl_data/car_plate/588741_粤XNP266_0.png 4 49 110 222 111 51 165 226 170
/cyl_data/car_plate/562121_粤AHR847_0.png 4 58 150 278 125 61 225 278 197
/cyl_data/car_plate/568515_粤X62N65_0.png 4 72 154 286 129 69 223 283 200
/cyl_data/car_plate/505083_闽DL5G55_0.png 4 74 168 309 158 79 245 309 238
/cyl_data/car_plate/564355_粤YRH214_0.png 4 61 124 233 127 64 182 237 187
/cyl_data/car_plate/585923_粤YMR565_0.png 4 5 149 245 110 5 238 243 199
/cyl_data/car_plate/566147_粤S8616Q_0.png 4 61 147 279 118 62 223 276 189
/cyl_data/car_plate/565409_粤YQH196_0.png 4 67 158 292 132 64 237 289 206
/cyl_data/car_plate/585126_粤XBS276_2.png 4 64 125 270 138 66 193 271 209
/cyl_data/car_plate/566100_粤A769R6_1.png 4 57 111 229 118 63 167 233 174
/cyl_data/car_plate/566291_粤A486PX_0.png 4 73 174 325 137 78 266 326 225
/cyl_data/car_plate/584865_粤A1G7M8_0.png 4 63 169 315 133 66 255 316 216
/cyl_data/car_plate/504769_闽D2690Z_0.png 4 52 142 284 132 54 216 287 208
/cyl_data/car_plate/566771_粤BB760G_0.png 4 43 76 197 104 41 137 193 169
/cyl_data/car_plate/562100_粤Y7200D_0.png 4 75 164 298 134 74 243 297 212
/cyl_data/car_plate/563546_粤E8Q727_2.png 4 70 129 245 131 73 187 245 195
/cyl_data/car_plate/567268_粤Y1611G_0.png 4 82 173 318 141 83 250 319 214
/cyl_data/car_plate/584285_粤YCP751_0.png 4 50 112 223 118 55 170 229 181
/cyl_data/car_plate/565312_粤Y9665E_0.png 4 104 170 332 139 107 245 332 211
/cyl_data/car_plate/583394_粤YBU570_0.png 4 90 169 330 141 89 247 329 216
/cyl_data/car_plate/565199_渝D040K0_0.png 4 54 156 286 125 59 234 286 203
/cyl_data/car_plate/557635_粤YQ0773_2.png 4 101 164 336 130 94 241 330 206
/cyl_data/car_plate/589001_粤Y767T6_0.png 4 71 148 285 123 71 224 288 195
/cyl_data/car_plate/573197_粤E91C97_0.png 4 57 122 242 127 62 185 246 193
/cyl_data/car_plate/558952_粤YJZ971_0.png 4 74 161 285 132 73 230 281 202
/cyl_data/car_plate/553569_粤E12213_0.png 4 35 72 162 91 41 131 157 155
/cyl_data/car_plate/573490_粤YXU501_0.png 4 53 147 276 121 54 223 278 193
/cyl_data/car_plate/551963_粤X097F7_0.png 4 63 155 292 126 67 231 291 200
/cyl_data/car_plate/585038_粤Y8C841_0.png 4 75 160 309 129 73 246 310 214
/cyl_data/car_plate/555119_闽DD067E_1.png 4 62 152 281 121 66 227 281 196
/cyl_data/car_plate/559792_粤YJH030_0.png 4 82 170 302 142 83 244 302 213
/cyl_data/car_plate/569052_粤YFZ334_0.png 4 82 161 313 129 81 246 312 211
/cyl_data/car_plate/560214_粤YZ7QC1_1.png 4 76 162 300 174 85 224 309 237
/cyl_data/car_plate/573853_粤XJQ990_0.png 4 70 178 308 140 71 264 314 222
/cyl_data/car_plate/557550_粤EYS820_0.png 4 62 147 275 124 71 224 280 194
/cyl_data/car_plate/505291_闽DF3N37_0.png 4 82 164 318 162 86 249 318 240
/cyl_data/car_plate/560347_粤Y6068F_0.png 4 66 146 284 122 68 219 282 193
/cyl_data/car_plate/549329_粤X086J8_0.png 4 70 160 290 131 74 230 288 199
/cyl_data/car_plate/579168_粤Y4B969_1.png 4 40 90 217 106 40 152 217 173
/cyl_data/car_plate/557291_浙HJP393_0.png 4 39 66 167 92 44 121 160 154
/cyl_data/car_plate/550313_粤E8Y787_0.png 4 84 183 328 155 91 273 332 235
/cyl_data/car_plate/548831_粤Y664N9_1.png 4 74 159 303 129 75 246 301 212
/cyl_data/car_plate/495454_闽DF9609_0.png 4 98 195 333 193 93 268 323 266
/cyl_data/car_plate/556669_粤XLH596_1.png 4 50 190 219 206 50 250 215 271
/cyl_data/car_plate/560559_苏BUZ850_0.png 4 42 73 190 96 40 133 191 161
/cyl_data/car_plate/563313_桂LWA005_1.png 4 2 102 168 104 1 156 171 164
/cyl_data/car_plate/584049_闽DVD293_0.png 4 63 146 271 140 65 216 273 207
/cyl_data/car_plate/564032_粤AL1G88_0.png 4 38 78 175 96 40 133 178 154
/cyl_data/car_plate/573743_粤EB3940_0.png 4 68 168 302 135 68 241 297 209
/cyl_data/car_plate/582106_桂KS0320_0.png 4 55 115 229 111 54 174 232 176
/cyl_data/car_plate/558730_粤E732E6_0.png 4 72 163 301 134 74 249 302 214
/cyl_data/car_plate/550904_粤SN002L_0.png 4 42 68 171 96 38 129 167 162
/cyl_data/car_plate/564142_粤YRS229_2.png 4 62 169 254 174 63 238 255 244
/cyl_data/car_plate/562957_粤A6882L_0.png 4 69 162 308 133 68 236 302 206
/cyl_data/car_plate/573530_粤XDT617_0.png 4 61 124 240 129 65 184 244 188
/cyl_data/car_plate/554023_粤Y7386B_0.png 4 71 162 297 134 73 238 296 210
/cyl_data/car_plate/566582_粤J6270T_0.png 4 81 159 315 133 79 240 314 213
/cyl_data/car_plate/563699_粤Y28T26_0.png 4 71 151 283 128 65 215 274 192
/cyl_data/car_plate/554160_粤A645D5_0.png 4 69 161 304 134 68 240 303 210
/cyl_data/car_plate/584708_粤AB61N2_0.png 4 72 155 294 125 75 227 296 194
/cyl_data/car_plate/552764_桂JLV833_1.png 4 35 257 210 268 36 317 209 329
/cyl_data/car_plate/586130_鄂A7B6J3_0.png 4 52 92 212 119 53 153 210 181
/cyl_data/car_plate/584499_湘MC999J_0.png 4 66 132 248 134 70 190 248 197
/cyl_data/car_plate/556767_闽DR235T_0.png 4 65 149 282 120 64 218 278 189
/cyl_data/car_plate/578170_粤E2839警_0.png 4 90 155 295 130 91 231 294 203
/cyl_data/car_plate/587617_粤YY9740_0.png 4 80 169 314 136 80 251 313 216
/cyl_data/car_plate/558321_粤Y420T3_0.png 4 67 150 281 126 65 229 281 201
/cyl_data/car_plate/565276_粤AE893V_0.png 4 69 151 302 123 67 239 302 202
/cyl_data/car_plate/582166_鲁DDE328_1.png 4 136 165 367 136 131 240 363 206
/cyl_data/car_plate/588985_粤E7577E_0.png 4 40 71 175 99 40 125 176 157
/cyl_data/car_plate/583544_闽D6233D_0.png 4 73 160 311 155 74 238 311 231
/cyl_data/car_plate/585965_粤YTJ007_0.png 4 72 146 290 115 74 217 290 187
/cyl_data/car_plate/584501_粤YJ7455_0.png 4 71 139 243 141 81 193 246 200
/cyl_data/car_plate/495649_闽BBN101_0.png 4 77 158 294 156 78 235 294 229
/cyl_data/car_plate/559397_粤E521G5_0.png 4 68 146 276 124 69 221 269 197
/cyl_data/car_plate/553614_粤MWJ134_0.png 4 69 155 280 129 71 229 282 197
/cyl_data/car_plate/583226_粤B8NL81_0.png 4 74 179 319 144 78 263 321 225
/cyl_data/car_plate/580073_粤Y78H99_0.png 4 33 52 124 81 34 106 124 148
/cyl_data/car_plate/571629_桂KS0320_0.png 4 56 116 230 117 57 174 230 176
/cyl_data/car_plate/587573_粤LLB499_0.png 4 66 120 242 127 72 179 245 188
/cyl_data/car_plate/571345_闽DMF980_0.png 4 64 146 271 137 67 215 276 203
/cyl_data/car_plate/555758_粤TMG924_0.png 4 49 92 228 117 49 157 227 188
/cyl_data/car_plate/554648_粤EZP700_0.png 4 65 160 291 134 66 233 289 209
/cyl_data/car_plate/569426_粤YTS000_0.png 4 74 165 311 135 75 246 312 214
/cyl_data/car_plate/573492_桂KS0320_0.png 4 62 125 257 138 59 189 257 204
/cyl_data/car_plate/563835_粤YRQ060_0.png 4 57 118 231 126 57 177 229 186
/cyl_data/car_plate/562856_粤ZS655港_0.png 4 52 106 220 114 50 162 217 173
/cyl_data/car_plate/583440_粤Y28A29_0.png 4 66 156 296 122 71 232 297 196
/cyl_data/car_plate/573510_粤A151UP_0.png 4 66 130 266 147 60 196 261 215
/cyl_data/car_plate/584871_粤ECX260_0.png 4 80 172 313 141 74 253 310 220
/cyl_data/car_plate/583900_粤TRG885_0.png 4 74 158 313 116 81 243 317 197
/cyl_data/car_plate/582223_粤Y256S2_0.png 4 71 159 301 131 72 237 301 208
/cyl_data/car_plate/583158_桂KS0320_0.png 4 63 125 259 132 63 191 256 201
/cyl_data/car_plate/567815_粤Y32T39_0.png 4 53 96 223 119 51 160 223 185
/cyl_data/car_plate/499990_闽DG3G52_0.png 4 71 140 280 131 68 213 280 199
/cyl_data/car_plate/577378_粤AN391E_0.png 4 41 84 200 103 42 139 199 164
/cyl_data/car_plate/547948_粤BF58417_0.png 4 60 159 303 134 65 233 304 204
