565822_粤ZD451港_1.png 4 71 163 238 169 81 218 246 225
554255_粤YHY216_0.png 4 41 64 157 85 40 125 156 155
550699_粤YZE969_0.png 4 39 65 162 94 36 127 161 160
584015_粤YRS528_0.png 4 45 86 197 111 42 143 193 175
558977_粤GLJ903_0.png 4 80 170 306 136 81 255 308 220
519297_闽DUM331_0.png 4 68 155 294 154 71 227 295 225
576179_粤YRQ060_0.png 4 86 180 336 153 94 262 342 233
566003_粤YDC960_0.png 4 86 187 328 155 87 270 326 232
532367_闽D1F012_1.png 4 3 148 225 140 2 222 233 216
566067_粤E995H0_0.png 4 65 152 298 123 70 234 303 200
574043_粤ETY025_0.png 4 58 152 285 121 57 228 280 195
572342_粤TXF957_0.png 4 76 171 309 140 78 256 312 222
555240_粤TXQ236_0.png 4 61 127 236 125 63 183 238 184
569660_粤EVZ734_0.png 4 64 171 325 131 61 261 320 218
557232_粤A8095P_0.png 4 67 163 311 129 66 252 311 217
576304_粤FAG220_0.png 4 55 151 286 119 58 237 290 200
565138_粤J7502R_0.png 4 65 143 281 119 63 213 279 183
590542_粤Y1808C_0.png 4 95 177 313 148 95 247 312 215
575088_粤B4U720_0.png 4 40 63 168 98 37 120 164 156
585126_粤XBS276_1.png 4 63 318 268 333 62 387 265 404
589244_粤S8616Q_0.png 4 59 145 273 114 59 218 272 185
584491_粤E126E9_0.png 4 61 162 300 126 61 241 298 203
571932_粤YYG733_0.png 4 79 178 313 142 77 251 311 218
570832_粤T5523U_0.png 4 60 151 289 124 59 234 292 201
564979_粤EML939_0.png 4 32 105 211 118 34 168 214 181
581801_粤EV3443_0.png 4 68 132 257 133 72 193 257 197
557349_粤TB159T_0.png 4 1 141 230 113 3 218 229 189
585002_粤T0C718_0.png 4 64 122 279 94 66 200 278 172
551094_闽D5069N_0.png 4 76 164 302 156 77 242 306 232
563245_沪CAE536_0.png 4 83 168 332 176 81 248 332 257
563068_粤YCZ777_0.png 4 70 165 304 130 71 241 299 208
581716_闽DNR162_0.png 4 71 146 281 139 73 216 286 206
573494_粤B8AS12_0.png 4 40 56 162 84 35 111 157 145
556028_粤T002Y0_0.png 4 72 152 299 128 71 237 294 205
585177_辽MR4978_0.png 4 53 145 259 112 51 220 260 182
566100_粤A769R6_0.png 4 0 96 172 103 6 151 176 160
564166_粤E21C19_0.png 4 54 98 202 120 52 155 202 185
578761_粤YSP830_0.png 4 50 99 221 104 51 160 222 166
550679_粤XAX696_0.png 4 53 116 217 118 56 172 221 175
486161_闽D1832D_0.png 4 60 163 312 159 62 239 311 235
560546_黑A375LK_0.png 4 60 155 285 124 61 228 287 196
583372_桂LWA005_0.png 4 61 124 241 127 65 182 244 189
554770_粤Y37765_0.png 4 53 110 221 113 57 167 224 173
583071_粤S2F769_1.png 4 0 70 147 93 3 123 149 151
565822_粤ZD451港_0.png 4 44 102 208 108 53 156 216 165
565865_粤XLH596_0.png 4 77 175 319 149 80 255 319 227
588623_粤Y65099_0.png 4 80 165 316 169 80 243 321 244
576295_粤Y8C088_0.png 4 31 54 147 82 34 113 146 147
570463_粤Y12C45_0.png 4 72 143 286 162 75 216 289 240
493760_闽D6286M_0.png 4 47 129 262 125 50 193 266 189
568302_粤LC950U_0.png 4 54 105 221 115 57 163 227 175
577832_粤VB9612_0.png 4 75 160 292 127 74 234 296 200
563546_粤E8Q727_0.png 4 60 189 233 191 63 250 236 255
520550_闽DZ5T25_0.png 4 74 169 315 165 77 253 317 242
582946_粤AH967R_0.png 4 65 160 295 129 67 237 300 203
571169_粤YJY785_0.png 4 60 152 289 126 62 229 287 201
575225_粤YSC972_1.png 4 46 84 196 104 51 138 201 164
551273_闽D60Z23_0.png 4 65 168 320 162 63 245 324 240
561839_湘ELR982_0.png 4 47 80 199 100 47 140 198 164
568086_粤Y0207K_0.png 4 76 166 311 134 75 247 307 211
557410_粤A7890B_0.png 4 67 153 284 127 67 227 282 200
573768_粤MFP159_0.png 4 77 164 293 139 78 235 294 209
583884_粤LK6805_0.png 4 73 164 316 137 79 246 315 213
555119_闽DD067E_0.png 4 38 77 130 72 38 110 128 108
572736_粤YVH183_0.png 4 36 53 137 85 34 108 134 144
562039_粤Y0D899_0.png 4 55 122 236 129 61 177 239 186
554650_粤EVZ734_0.png 4 55 122 246 128 59 185 249 193
562838_粤AH967R_0.png 4 70 165 295 136 75 240 295 209
578019_粤Y72D40_0.png 4 71 133 271 147 69 196 269 210
580553_粤YL3065_0.png 4 49 83 204 112 46 151 200 182
531511_闽D927BH_0.png 4 45 144 284 134 53 220 289 206
571018_粤B863VD_0.png 4 66 166 312 128 69 248 312 205
567865_贵GAR202_0.png 4 71 161 288 140 74 232 289 207
579053_粤Y8Y110_0.png 4 118 238 355 198 124 328 362 287
562128_粤XN6801_1.png 4 163 178 372 150 161 245 369 217
573822_粤YRG330_0.png 4 64 154 291 124 64 234 291 203
576548_粤ETH195_0.png 4 70 163 297 133 68 241 298 204
557349_粤TB159T_1.png 4 74 160 308 134 76 241 306 212
556819_粤YMQ313_0.png 4 64 144 282 122 68 218 282 191
589298_湘MF8199_0.png 4 59 112 228 129 55 170 226 191
575278_粤J6669F_0.png 4 79 147 314 115 79 231 313 195
590210_粤AM856U_0.png 4 42 79 205 102 41 144 204 170
553786_粤Y6589E_0.png 4 59 139 277 116 58 212 275 184
562128_粤XN6801_0.png 4 63 140 273 111 60 207 270 177
578485_桂NS6282_0.png 4 48 86 206 111 49 147 202 171
553844_粤ERU901_0.png 4 46 77 183 104 47 137 182 165
552033_粤YJZ971_0.png 4 51 159 282 122 55 237 277 198
571387_粤Y095Z3_0.png 4 81 162 320 131 79 241 319 207
583277_粤Y3B797_0.png 4 56 118 233 121 67 178 240 187
556383_粤Y616T5_0.png 4 35 68 141 77 32 103 138 115
560327_粤YSG573_1.png 4 50 312 220 314 57 363 224 370
554093_粤YHS056_0.png 4 79 169 312 141 83 249 312 214
584297_浙C38R82_0.png 4 40 62 165 90 39 120 162 149
568142_苏F901KW_0.png 4 60 142 277 114 52 205 271 181
588583_粤Y306V1_0.png 4 66 144 282 120 66 218 282 192
555721_粤Y616T5_0.png 4 54 116 229 119 58 173 231 180
554748_粤J6270T_0.png 4 78 164 307 138 80 244 304 215
561495_湘AJC699_0.png 4 56 122 231 128 65 184 234 198
575188_粤Y9665E_0.png 4 62 152 277 123 64 228 279 194
495427_闽D6286M_0.png 4 58 122 236 121 64 188 244 181
573653_粤J6270T_0.png 4 67 165 301 139 69 242 301 215
573724_闽DD067E_0.png 4 67 157 295 127 71 236 296 200
562680_浙MKW707_0.png 4 28 65 143 92 32 120 144 155
564021_粤AE893V_0.png 4 48 94 186 109 51 150 193 169
586634_粤AV382W_0.png 4 67 153 288 126 64 227 287 198
496419_闽D43471_0.png 4 35 86 173 76 37 151 181 138
559121_粤Y93B79_1.png 4 69 145 284 122 65 217 279 192
573406_粤A7FX22_0.png 4 64 152 284 120 63 225 282 192
564002_黑A375LK_0.png 4 60 143 259 115 60 209 262 181
567674_粤A6882L_0.png 4 60 142 282 120 58 215 283 192
564142_粤YRS229_0.png 4 58 123 246 127 60 190 249 195
570828_粤YTJ007_0.png 4 80 172 296 136 80 247 298 210
559545_粤X36Y60_0.png 4 66 150 287 123 64 225 285 196
555034_粤FAG220_0.png 4 57 158 295 121 59 245 295 211
584907_粤Y577N3_0.png 4 67 158 289 133 72 230 286 200
578715_粤T298X4_0.png 4 66 141 278 115 70 223 277 193
563546_粤E8Q727_1.png 4 114 204 287 206 116 263 289 271
552490_粤A8714L_0.png 4 50 83 204 111 43 142 203 168
555054_粤YZP797_0.png 4 34 58 149 86 36 114 145 145
555977_粤EVZ734_0.png 4 59 159 301 127 60 240 300 206
583504_闽DD067E_0.png 4 70 156 292 130 73 234 295 202
558023_粤Y35306_0.png 4 76 152 288 125 73 226 282 201
550647_粤Y6589E_0.png 4 68 145 293 121 68 223 292 195
566128_粤EB500学_0.png 4 57 110 225 118 61 165 229 175
556916_粤YYE562_0.png 4 65 155 283 133 66 227 283 204
510476_闽D6286M_0.png 4 54 136 271 133 57 203 276 200
574021_粤R27U50_0.png 4 67 161 296 132 67 240 295 206
525860_闽D6260K_0.png 4 76 168 331 164 80 253 328 245
555240_粤TXQ236_1.png 4 104 127 279 126 108 179 281 181
589532_粤YZL706_0.png 4 78 165 333 153 79 248 334 231
557265_粤YTJ007_0.png 4 93 180 310 151 94 259 311 226
550328_粤EEY116_0.png 4 73 135 254 137 78 197 257 204
584285_粤YCP751_1.png 4 98 119 275 130 104 176 276 190
575365_闽DG0P02_0.png 4 87 153 292 151 88 229 292 222
566156_粤ZD451港_0.png 4 118 237 312 247 122 293 311 308
549020_粤Y0A832_0.png 4 36 54 141 82 36 116 144 144
586262_豫S28689_0.png 4 74 147 303 121 73 226 300 197
556669_粤XLH596_0.png 4 53 103 219 117 54 163 218 182
561884_粤YJ7455_0.png 4 74 142 258 150 81 203 264 210
548230_粤E7Q799_0.png 4 66 171 299 129 67 248 299 202
577628_粤HFT127_0.png 4 59 146 284 112 59 224 285 190
564040_粤AL1G88_0.png 4 65 160 289 128 66 235 290 203
575999_粤A4B3T3_0.png 4 79 162 323 150 75 243 326 229
565558_粤JKB325_0.png 4 64 136 278 113 62 210 273 185
580179_粤Y13S43_0.png 4 32 60 153 84 36 116 159 146
565811_粤HJP393_0.png 4 38 61 161 87 42 114 160 150
589954_闽DF729L_0.png 4 81 175 322 167 84 251 320 243
519128_闽DJ263U_0.png 4 52 144 310 143 49 231 309 224
581113_粤Y25170_0.png 4 75 165 303 131 77 244 302 212
563203_粤ZS655港_0.png 4 51 143 268 114 52 210 268 185
552797_粤YY0333_0.png 4 68 125 245 133 69 187 246 198
577983_粤MDT797_2.png 4 44 81 191 106 43 144 191 171
569021_粤XGT970_0.png 4 64 130 274 106 62 196 275 170
553550_粤E208A3_0.png 4 38 48 132 78 37 105 131 138
486161_闽D1832D_1.png 4 15 164 257 160 16 241 259 239
558407_粤Y664N9_0.png 4 82 139 300 113 88 216 303 188
499347_闽DU8823_0.png 4 51 110 201 98 53 177 204 165
555911_粤QXH320_0.png 4 46 127 269 98 48 213 271 182
566664_粤EB500学_0.png 4 79 174 344 164 82 251 348 241
548279_粤Y6068F_0.png 4 59 153 285 119 56 235 290 200
583071_粤S2F769_0.png 4 46 85 194 111 47 145 196 170
508485_闽DL5G55_0.png 4 74 172 321 162 78 252 323 239
582774_粤YRH214_0.png 4 58 123 231 124 61 181 235 187
579172_粤E7030A_0.png 4 62 149 283 117 60 225 286 192
558674_粤AV516G_0.png 4 62 153 290 125 57 227 290 199
560875_粤E8992C_0.png 4 66 149 275 116 66 223 278 187
563489_粤J7502R_0.png 4 60 114 238 124 61 177 241 187
582166_鲁DDE328_0.png 4 68 156 303 127 66 237 301 204
554872_粤YRS229_0.png 4 68 152 296 125 68 240 298 210
567322_粤E660G6_0.png 4 59 106 228 111 58 166 228 173
572390_粤YRS229_2.png 4 74 175 266 177 79 243 268 246
498627_闽DMF980_0.png 4 70 138 268 134 74 219 272 210
554140_粤LFN577_1.png 4 97 152 234 177 101 209 238 235
566262_粤JQC515_0.png 4 121 167 342 138 122 246 338 214
578709_粤Y28A29_0.png 4 64 147 284 115 66 218 280 187
560327_粤YSG573_2.png 4 56 117 225 118 61 167 234 175
573365_粤Y74506_0.png 4 71 155 291 129 69 229 283 199
532367_闽D1F012_0.png 4 72 154 306 149 76 235 312 225
559942_粤AY7F52_0.png 4 43 72 181 97 33 136 172 164
581093_粤YLN702_0.png 4 98 184 341 147 96 274 340 229
573304_粤YFZ092_0.png 4 50 118 219 118 55 172 223 175
559269_粤Y0200G_0.png 4 68 142 282 115 66 225 284 193
575977_粤ENK100_0.png 4 78 163 291 139 76 227 289 203
577588_粤Y0909H_0.png 4 76 148 312 124 72 230 311 203
551323_粤YDC200_0.png 4 59 118 239 119 62 184 239 189
569052_粤YFZ334_1.png 4 80 108 305 76 79 198 306 161
574739_粤YEA603_0.png 4 89 155 306 126 91 239 306 206
566699_粤EJJ460_0.png 4 51 130 280 103 49 211 277 180
555599_粤XJQ990_0.png 4 75 183 307 145 80 262 315 226
587913_闽DR235T_0.png 4 66 149 279 123 64 217 278 186
558887_粤YFM855_0.png 4 63 140 266 117 59 210 260 185
558110_粤Y867J3_0.png 4 43 79 148 81 40 113 149 115
575051_粤YRS229_0.png 4 74 163 305 137 78 251 308 219
566156_粤ZD451港_1.png 4 55 119 245 130 59 177 248 189
563313_桂LWA005_0.png 4 58 113 232 120 62 171 234 180
584232_粤YHH103_0.png 4 63 153 278 126 64 226 280 197
566734_粤Y74798_0.png 4 63 142 278 116 66 217 283 190
551940_粤YJH030_0.png 4 59 128 231 132 63 187 235 195
584899_粤J6669F_0.png 4 75 145 300 122 75 220 305 196
554421_粤Y9733J_0.png 4 36 54 141 86 39 107 146 144
498516_闽D086N2_0.png 4 63 149 307 147 68 231 309 225
567286_粤Y0996H_0.png 4 72 144 281 121 67 211 276 183
584587_粤Y068J8_0.png 4 72 153 290 120 75 230 291 192
573673_粤Y37765_0.png 4 45 103 212 108 50 163 216 167
566109_粤AB61N2_0.png 4 61 140 280 110 60 215 279 184
584868_粤YTJ936_0.png 4 86 174 317 149 88 248 319 218
580433_闽A0H6W5_0.png 4 75 151 307 151 77 231 309 224
553547_粤Y68833_0.png 4 94 186 336 151 97 274 342 236
564120_粤S8V9H6_0.png 4 36 52 138 86 33 109 136 147
582484_粤EED530_1.png 4 63 134 260 128 64 193 258 183
561687_闽B5372B_0.png 4 54 152 276 118 54 231 279 191
555245_粤QXH320_0.png 4 54 122 239 124 55 186 239 190
557635_粤YQ0773_1.png 4 67 164 302 131 65 244 297 210
558110_粤Y867J3_1.png 4 83 163 304 136 81 246 302 214
572482_粤Y1130E_0.png 4 57 124 227 131 62 180 231 190
575521_粤YTS000_0.png 4 70 163 302 134 72 244 303 209
578581_粤YA189S_0.png 4 42 150 265 126 45 226 264 197
570415_粤AF871S_0.png 4 74 165 305 139 78 244 304 215
565675_粤Y0014D_0.png 4 47 75 200 101 46 136 199 165
584298_桂KS0320_0.png 4 67 129 267 140 64 195 266 207
585405_粤YVF331_0.png 4 56 119 238 124 59 184 243 193
559121_粤Y93B79_0.png 4 47 80 143 76 46 120 140 113
551322_粤AM285N_0.png 4 57 148 283 122 57 220 280 192
584908_粤BA117V_0.png 4 69 119 244 139 64 179 242 203
556844_粤YL8772_0.png 4 79 167 319 156 80 248 319 235
575122_贵GAR202_1.png 4 74 173 321 148 74 250 321 223
552764_桂JLV833_0.png 4 59 123 233 134 58 183 232 197
569570_粤Y577N3_0.png 4 67 157 296 118 65 239 293 198
582596_粤T298X4_0.png 4 64 148 285 122 67 225 289 196
548831_粤Y664N9_0.png 4 34 68 134 68 33 118 134 116
581841_粤Y1611G_0.png 4 73 161 289 132 74 235 290 203
554140_粤LFN577_0.png 4 40 69 176 93 40 126 178 155
586338_粤S537NQ_0.png 4 56 97 222 117 57 155 223 181
513612_闽DF3N37_0.png 4 85 167 317 160 88 245 321 234
555538_粤YCL090_0.png 4 79 161 289 138 77 234 287 208
499001_闽D1A201_0.png 4 77 159 288 153 79 228 292 216
577994_粤E2839警_0.png 4 57 109 229 110 59 168 233 169
493379_闽D623Y5_0.png 4 48 145 297 142 53 224 295 221
556383_粤Y616T5_2.png 4 64 150 281 126 64 223 280 196
553981_粤Y9C315_0.png 4 45 76 184 104 47 139 185 168
551126_粤Y867J3_0.png 4 69 155 303 128 69 235 300 204
568987_粤YL3725_0.png 4 76 153 286 118 82 230 288 191
554718_粤YJ7455_0.png 4 75 138 253 140 78 196 257 204
541869_闽DL5G55_0.png 4 43 149 283 140 46 229 284 216
564411_粤YJ7455_0.png 4 69 135 249 141 73 195 253 207
553412_粤EET100_0.png 4 46 63 150 94 41 119 144 155
570628_粤YHH103_0.png 4 71 168 302 136 76 245 299 218
577343_粤A6GP24_0.png 4 39 81 204 104 38 143 204 171
587252_皖AHU874_0.png 4 38 59 155 87 40 114 155 148
527255_闽DF3N37_0.png 4 76 153 314 148 76 231 317 225
573659_粤Y6589E_0.png 4 66 145 290 117 65 219 287 191
518778_闽D2690Z_0.png 4 55 146 291 141 53 221 292 216
586824_粤Y72C66_0.png 4 84 159 300 145 80 231 296 212
573161_粤YXG804_0.png 4 82 162 294 136 83 231 297 204
572390_粤YRS229_1.png 4 63 129 256 130 65 197 254 198
588741_粤XNP266_0.png 4 49 110 222 111 51 165 226 170
562121_粤AHR847_0.png 4 58 150 278 125 61 225 278 197
568515_粤X62N65_0.png 4 72 154 286 129 69 223 283 200
505083_闽DL5G55_0.png 4 74 168 309 158 79 245 309 238
564355_粤YRH214_0.png 4 61 124 233 127 64 182 237 187
585923_粤YMR565_0.png 4 5 149 245 110 5 238 243 199
566147_粤S8616Q_0.png 4 61 147 279 118 62 223 276 189
565409_粤YQH196_0.png 4 67 158 292 132 64 237 289 206
585126_粤XBS276_2.png 4 64 125 270 138 66 193 271 209
566100_粤A769R6_1.png 4 57 111 229 118 63 167 233 174
566291_粤A486PX_0.png 4 73 174 325 137 78 266 326 225
584865_粤A1G7M8_0.png 4 63 169 315 133 66 255 316 216
504769_闽D2690Z_0.png 4 52 142 284 132 54 216 287 208
566771_粤BB760G_0.png 4 43 76 197 104 41 137 193 169
562100_粤Y7200D_0.png 4 75 164 298 134 74 243 297 212
563546_粤E8Q727_2.png 4 70 129 245 131 73 187 245 195
567268_粤Y1611G_0.png 4 82 173 318 141 83 250 319 214
584285_粤YCP751_0.png 4 50 112 223 118 55 170 229 181
565312_粤Y9665E_0.png 4 104 170 332 139 107 245 332 211
583394_粤YBU570_0.png 4 90 169 330 141 89 247 329 216
565199_渝D040K0_0.png 4 54 156 286 125 59 234 286 203
557635_粤YQ0773_2.png 4 101 164 336 130 94 241 330 206
589001_粤Y767T6_0.png 4 71 148 285 123 71 224 288 195
573197_粤E91C97_0.png 4 57 122 242 127 62 185 246 193
558952_粤YJZ971_0.png 4 74 161 285 132 73 230 281 202
553569_粤E12213_0.png 4 35 72 162 91 41 131 157 155
573490_粤YXU501_0.png 4 53 147 276 121 54 223 278 193
551963_粤X097F7_0.png 4 63 155 292 126 67 231 291 200
585038_粤Y8C841_0.png 4 75 160 309 129 73 246 310 214
555119_闽DD067E_1.png 4 62 152 281 121 66 227 281 196
559792_粤YJH030_0.png 4 82 170 302 142 83 244 302 213
569052_粤YFZ334_0.png 4 82 161 313 129 81 246 312 211
560214_粤YZ7QC1_1.png 4 76 162 300 174 85 224 309 237
573853_粤XJQ990_0.png 4 70 178 308 140 71 264 314 222
557550_粤EYS820_0.png 4 62 147 275 124 71 224 280 194
505291_闽DF3N37_0.png 4 82 164 318 162 86 249 318 240
560347_粤Y6068F_0.png 4 66 146 284 122 68 219 282 193
549329_粤X086J8_0.png 4 70 160 290 131 74 230 288 199
579168_粤Y4B969_1.png 4 40 90 217 106 40 152 217 173
557291_浙HJP393_0.png 4 39 66 167 92 44 121 160 154
550313_粤E8Y787_0.png 4 84 183 328 155 91 273 332 235
548831_粤Y664N9_1.png 4 74 159 303 129 75 246 301 212
495454_闽DF9609_0.png 4 98 195 333 193 93 268 323 266
556669_粤XLH596_1.png 4 50 190 219 206 50 250 215 271
560559_苏BUZ850_0.png 4 42 73 190 96 40 133 191 161
563313_桂LWA005_1.png 4 2 102 168 104 1 156 171 164
584049_闽DVD293_0.png 4 63 146 271 140 65 216 273 207
564032_粤AL1G88_0.png 4 38 78 175 96 40 133 178 154
573743_粤EB3940_0.png 4 68 168 302 135 68 241 297 209
582106_桂KS0320_0.png 4 55 115 229 111 54 174 232 176
558730_粤E732E6_0.png 4 72 163 301 134 74 249 302 214
550904_粤SN002L_0.png 4 42 68 171 96 38 129 167 162
564142_粤YRS229_2.png 4 62 169 254 174 63 238 255 244
562957_粤A6882L_0.png 4 69 162 308 133 68 236 302 206
573530_粤XDT617_0.png 4 61 124 240 129 65 184 244 188
554023_粤Y7386B_0.png 4 71 162 297 134 73 238 296 210
566582_粤J6270T_0.png 4 81 159 315 133 79 240 314 213
563699_粤Y28T26_0.png 4 71 151 283 128 65 215 274 192
554160_粤A645D5_0.png 4 69 161 304 134 68 240 303 210
584708_粤AB61N2_0.png 4 72 155 294 125 75 227 296 194
552764_桂JLV833_1.png 4 35 257 210 268 36 317 209 329
586130_鄂A7B6J3_0.png 4 52 92 212 119 53 153 210 181
584499_湘MC999J_0.png 4 66 132 248 134 70 190 248 197
556767_闽DR235T_0.png 4 65 149 282 120 64 218 278 189
578170_粤E2839警_0.png 4 90 155 295 130 91 231 294 203
587617_粤YY9740_0.png 4 80 169 314 136 80 251 313 216
558321_粤Y420T3_0.png 4 67 150 281 126 65 229 281 201
565276_粤AE893V_0.png 4 69 151 302 123 67 239 302 202
582166_鲁DDE328_1.png 4 136 165 367 136 131 240 363 206
588985_粤E7577E_0.png 4 40 71 175 99 40 125 176 157
583544_闽D6233D_0.png 4 73 160 311 155 74 238 311 231
585965_粤YTJ007_0.png 4 72 146 290 115 74 217 290 187
584501_粤YJ7455_0.png 4 71 139 243 141 81 193 246 200
495649_闽BBN101_0.png 4 77 158 294 156 78 235 294 229
559397_粤E521G5_0.png 4 68 146 276 124 69 221 269 197
553614_粤MWJ134_0.png 4 69 155 280 129 71 229 282 197
583226_粤B8NL81_0.png 4 74 179 319 144 78 263 321 225
580073_粤Y78H99_0.png 4 33 52 124 81 34 106 124 148
571629_桂KS0320_0.png 4 56 116 230 117 57 174 230 176
587573_粤LLB499_0.png 4 66 120 242 127 72 179 245 188
571345_闽DMF980_0.png 4 64 146 271 137 67 215 276 203
555758_粤TMG924_0.png 4 49 92 228 117 49 157 227 188
554648_粤EZP700_0.png 4 65 160 291 134 66 233 289 209
569426_粤YTS000_0.png 4 74 165 311 135 75 246 312 214
573492_桂KS0320_0.png 4 62 125 257 138 59 189 257 204
563835_粤YRQ060_0.png 4 57 118 231 126 57 177 229 186
562856_粤ZS655港_0.png 4 52 106 220 114 50 162 217 173
583440_粤Y28A29_0.png 4 66 156 296 122 71 232 297 196
573510_粤A151UP_0.png 4 66 130 266 147 60 196 261 215
584871_粤ECX260_0.png 4 80 172 313 141 74 253 310 220
583900_粤TRG885_0.png 4 74 158 313 116 81 243 317 197
582223_粤Y256S2_0.png 4 71 159 301 131 72 237 301 208
583158_桂KS0320_0.png 4 63 125 259 132 63 191 256 201
567815_粤Y32T39_0.png 4 53 96 223 119 51 160 223 185
499990_闽DG3G52_0.png 4 71 140 280 131 68 213 280 199
577378_粤AN391E_0.png 4 41 84 200 103 42 139 199 164
547948_粤BF58417_0.png 4 60 159 303 134 65 233 304 204
482955_闽D8T950_0.png 4 87 171 327 170 92 254 330 248
490616_闽D29N71_0.png 4 74 145 289 150 74 225 286 224
584306_粤GLJ903_0.png 4 44 94 216 104 49 157 216 171
487772_闽DP857H_0.png 4 89 195 364 188 90 282 365 276
519234_闽D7979Q_0.png 4 63 147 278 138 63 218 279 207
489657_闽CB5X98_0.png 4 82 160 317 155 84 236 316 230
508315_闽DAG662_0.png 4 63 130 260 138 61 204 258 210
500553_闽D85G32_0.png 4 75 143 274 136 79 211 277 201
508313_闽D658V0_0.png 4 83 169 340 162 87 251 341 243
493497_闽D06218_0.png 4 67 151 282 144 71 221 283 212
489099_闽D2808Q_0.png 4 71 157 301 153 76 236 306 228
508541_闽D29F66_0.png 4 77 162 327 164 75 248 325 244
583826_粤BZ264J_0.png 4 61 113 249 127 61 176 249 189
496101_闽D1A201_0.png 4 65 155 282 145 72 228 287 214
485112_闽DQJ691_0.png 4 71 139 240 127 76 205 247 189
488300_闽D159L8_0.png 4 87 187 356 186 88 269 356 270
494887_闽DZ9119_0.png 4 81 161 299 157 82 237 299 225
487254_闽DF3N37_0.png 4 85 170 323 164 85 250 326 241
501077_闽D8385E_0.png 4 81 168 316 165 82 247 321 237
584281_粤E918H8_0.png 4 24 180 194 184 28 236 193 245
483971_浙D581KJ_0.png 4 90 186 338 181 92 263 340 256
517672_粤BX009K_0.png 4 69 147 284 138 72 221 287 209
487942_闽C16F61_0.png 4 62 145 281 143 62 227 286 220
515087_闽DKX536_0.png 4 74 152 293 145 78 228 300 217
484838_闽DY3050_0.png 4 76 171 318 165 80 250 319 242
508711_闽C8928L_0.png 4 68 151 306 149 75 233 316 227
497703_闽D7F937_0.png 4 98 203 371 197 103 283 370 279
517385_闽DS176D_0.png 4 84 182 335 181 85 266 335 258
504162_闽DW520Y_0.png 4 78 169 322 166 80 246 318 243
501772_闽D9728S_0.png 4 77 165 312 160 81 247 312 238
584075_粤ECX260_0.png 4 50 101 214 112 55 157 218 172
506633_闽AH9B03_0.png 4 75 170 333 170 77 249 334 249
504696_闽D798DF_0.png 4 80 164 290 162 85 240 299 230
510054_闽DG095K_0.png 4 80 156 292 151 76 230 294 225
485548_闽D085V9_0.png 4 87 164 309 155 89 238 309 224
517563_闽D397F9_0.png 4 82 166 328 169 83 244 328 243
482797_闽DNJ791_0.png 4 57 148 287 141 69 220 288 212
518964_闽DC762J_0.png 4 77 168 305 159 83 240 306 229
480985_闽D8367C_0.png 4 71 136 264 138 75 214 268 210
492695_闽DBW592_0.png 4 79 152 282 151 77 231 283 225
584167_粤E9306C_0.png 4 59 119 237 128 65 174 241 187
492864_闽D1992X_0.png 4 71 154 283 145 74 224 286 211
504567_闽C16F61_0.png 4 78 176 322 172 85 255 327 246
487062_闽DZ5T25_0.png 4 71 153 301 152 73 230 300 226
514281_闽C300EW_0.png 4 89 188 343 185 88 264 343 261
584722_粤YA665K_0.png 4 64 142 274 123 66 208 273 184
522033_闽DL5G55_0.png 4 83 193 348 186 88 273 350 266
495314_闽DV116F_0.png 4 83 181 344 178 84 261 340 257
516618_闽DC762J_0.png 4 78 173 329 163 83 255 334 242
504948_闽DJ0M58_0.png 4 86 178 320 175 87 256 320 248
504968_闽DH179H_1.png 4 4 160 227 146 7 229 231 214
502654_闽DY211G_0.png 4 63 142 292 142 64 220 287 212
483892_闽D6286M_2.png 4 160 179 400 175 170 259 410 254
584229_粤Y32W03_0.png 4 74 159 299 136 78 235 297 211
494398_闽D5F009_0.png 4 92 190 341 189 92 268 341 265
503796_闽D5312D_0.png 4 86 174 316 167 88 246 315 238
487370_闽DLU808_0.png 4 72 149 283 150 69 219 281 217
512709_粤BX009K_0.png 4 78 156 305 149 79 238 307 227
507952_闽D767DK_0.png 4 78 163 310 158 81 241 309 236
584633_粤E771B0_0.png 4 66 120 242 127 66 180 240 190
504072_闽D878J5_0.png 4 75 147 293 142 72 231 290 223
502144_闽D5069N_0.png 4 76 160 333 163 74 242 333 243
515457_闽DK7103_0.png 4 64 136 263 129 67 212 268 199
503965_闽D733BC_0.png 4 56 123 253 122 56 204 252 197
508736_闽D02Z70_0.png 4 68 151 302 148 72 234 304 224
492792_闽DL012B_0.png 4 80 172 315 170 81 250 316 241
503873_闽D7702Q_0.png 4 72 165 323 159 73 246 326 240
583481_粤E02G92_0.png 4 54 119 233 122 59 178 235 183
513723_闽D767DK_0.png 4 95 184 333 183 94 266 333 263
584712_粤A0071H_0.png 4 68 153 290 127 68 226 288 203
516654_闽D7702U_0.png 4 63 136 280 133 60 208 278 199
522412_闽D39K96_0.png 4 78 164 308 155 79 237 306 229
488342_闽D8251X_0.png 4 78 161 324 159 78 233 323 233
482466_闽DHC073_0.png 4 83 162 301 157 91 243 304 230
522487_闽DJ617K_0.png 4 82 174 324 172 80 249 323 246
584179_粤X73Z82_0.png 4 64 132 266 139 63 195 263 202
485679_闽D20A21_0.png 4 58 147 278 137 67 223 286 209
518921_闽DZ2Z27_0.png 4 86 169 322 164 84 248 323 240
501823_闽DAB781_0.png 4 73 170 353 170 76 258 354 254
584384_粤YK9883_0.png 4 54 120 255 137 55 182 250 200
502174_粤B020HK_0.png 4 76 156 293 146 75 230 297 222
490905_闽DD263Z_0.png 4 79 150 303 151 76 233 300 227
516908_闽D02Z70_0.png 4 73 159 315 156 77 240 317 232
583768_粤AE560K_0.png 4 60 124 236 126 68 181 241 184
584082_粤RSU609_0.png 4 52 103 211 109 53 158 212 166
584383_粤YCN309_0.png 4 77 167 309 136 78 240 307 207
504968_闽DH179H_0.png 4 81 168 306 155 84 244 307 226
500169_闽DG5R27_0.png 4 76 165 322 163 75 240 322 237
494848_闽K05973_0.png 4 67 125 245 118 64 202 241 189
497658_闽D005H7_0.png 4 87 173 325 170 89 251 327 242
509063_闽D809B9_0.png 4 68 140 270 144 70 217 271 213
583572_粤YSR710_0.png 4 57 114 236 123 60 172 237 182
504066_闽CB5X98_1.png 4 155 165 396 161 158 252 397 239
507495_闽DL5F35_0.png 4 87 164 315 164 86 240 312 238
515740_闽DK9A22_0.png 4 69 164 320 159 74 247 320 239
498005_闽DT992K_0.png 4 71 149 286 145 71 226 282 219
584281_粤E918H8_1.png 4 55 117 224 122 57 172 225 183
493327_闽D802BV_0.png 4 83 172 319 160 86 246 320 234
584596_粤YA182L_0.png 4 54 148 270 125 57 216 268 193
512883_闽D172DD_0.png 4 76 173 307 167 78 249 308 240
498166_粤BX009K_0.png 4 68 144 286 143 71 231 285 225
583502_粤ACW413_0.png 4 46 101 211 108 54 153 216 163
494724_闽DZ5T25_0.png 4 69 152 301 152 68 230 298 224
482152_闽DW033R_0.png 4 81 164 312 159 82 247 312 236
495746_闽D02Z70_0.png 4 72 160 317 155 77 245 319 237
482057_闽D76E35_0.png 4 87 163 298 161 89 241 308 238
584686_粤YRG330_0.png 4 69 156 297 127 73 236 296 204
515355_闽D2690Z_0.png 4 73 146 280 143 73 227 279 220
497074_闽DU163E_0.png 4 86 175 333 172 88 246 333 248
583983_粤UC9786_0.png 4 75 160 292 135 76 229 293 204
493617_闽DG095K_0.png 4 74 151 276 143 77 229 279 217
515977_闽D99J51_0.png 4 90 184 341 175 90 260 343 249
498526_闽D5069N_0.png 4 78 163 308 158 80 242 308 232
497084_闽D1593E_0.png 4 67 140 275 139 61 215 267 208
583862_粤TA333U_0.png 4 61 125 236 126 61 184 239 187
497399_闽D3978D_1.png 4 4 163 248 160 4 235 250 237
495360_闽DDK865_0.png 4 81 148 277 148 87 229 281 221
486243_闽D85G32_0.png 4 86 184 342 180 88 261 342 259
512705_闽DJ6S98_0.png 4 84 173 316 169 83 250 319 243
516011_闽D2632Z_0.png 4 66 125 248 126 61 202 243 202
508412_闽DW999D_0.png 4 76 164 302 166 82 247 303 239
483182_闽DZ2Z27_0.png 4 84 165 317 158 86 238 316 235
515087_闽DKX536_1.png 4 11 157 230 149 15 233 231 221
584434_粤E975G8_0.png 4 71 145 280 152 73 207 277 212
584371_粤AM34W5_0.png 4 50 106 211 108 53 158 217 160
495976_粤BX009K_0.png 4 66 145 308 139 67 229 310 218
517833_闽DJ263U_0.png 4 78 173 328 175 79 251 327 246
584601_粤A8C2Z6_0.png 4 62 152 280 128 66 222 280 197
503791_闽D7601U_0.png 4 83 173 329 170 89 255 326 251
493629_闽D661BF_0.png 4 77 162 321 157 81 242 313 235
512910_闽DG675X_1.png 4 6 178 275 177 8 263 278 258
491560_闽D7F937_0.png 4 84 171 307 160 83 243 306 229
514784_闽DP857H_0.png 4 95 190 349 185 95 270 350 265
517224_闽DA132F_0.png 4 86 162 306 168 88 245 308 243
584013_粤Y9C315_0.png 4 53 113 218 121 58 168 224 177
489657_闽CB5X98_1.png 4 1 146 224 141 0 219 225 213
584045_粤EFT533_0.png 4 59 118 236 128 62 176 238 188
483826_闽DK596K_0.png 4 77 170 324 168 78 248 324 243
483198_闽DB020V_0.png 4 79 164 328 161 79 240 331 237
496707_粤B020HK_0.png 4 90 163 320 154 91 239 323 229
520396_闽C990AN_0.png 4 80 166 308 155 79 239 308 227
584678_粤XYW774_0.png 4 78 173 311 143 79 251 311 219
584478_粤Y60Q80_0.png 4 85 171 306 144 89 243 306 211
493764_闽D02Z70_0.png 4 56 148 290 138 60 225 293 214
584170_闽D27V29_0.png 4 85 174 329 172 87 251 331 247
482505_闽DNU622_0.png 4 62 152 288 146 66 226 295 215
497084_闽D1593E_1.png 4 7 134 213 134 2 207 207 202
491635_闽DP905B_0.png 4 73 163 303 155 75 238 304 227
490020_闽D085V9_0.png 4 75 158 310 155 71 234 312 229
514559_闽DZ6W70_0.png 4 80 166 326 168 81 243 325 243
504287_闽C1116Q_0.png 4 94 191 342 185 95 272 343 263
511224_闽DG5R27_0.png 4 87 170 321 169 87 246 321 245
522487_闽DJ617K_1.png 4 27 205 266 202 25 281 266 276
501352_闽D1A201_0.png 4 86 173 307 169 91 252 315 246
489085_闽DJ3G95_0.png 4 81 178 319 171 85 257 322 248
504121_闽DG5E39_0.png 4 84 178 337 174 83 257 340 250
522083_闽DJ8C26_0.png 4 89 185 325 181 90 264 328 255
584119_粤FMB803_0.png 4 47 102 211 112 50 160 213 170
501629_闽DS079D_0.png 4 64 129 256 130 68 211 260 206
498117_闽D9191S_0.png 4 81 163 314 163 81 242 311 239
484426_闽DD9B17_0.png 4 85 181 326 178 86 263 326 253
494814_闽DU163E_0.png 4 119 188 345 186 118 274 350 269
584458_粤YJH030_0.png 4 61 122 221 129 63 175 224 185
498934_闽DZ2Z27_0.png 4 84 167 314 162 86 243 316 232
516054_闽D600W9_0.png 4 80 163 318 162 80 236 319 231
584278_粤EFD413_0.png 4 60 124 240 131 64 180 243 189
512989_闽D6998M_0.png 4 59 142 272 132 67 204 276 194
584088_粤KKR519_0.png 4 46 103 214 105 50 157 219 162
488035_闽D68K32_0.png 4 62 134 276 134 62 210 273 208
484645_粤AG8D49_0.png 4 68 146 292 142 70 222 294 218
584848_粤Y1611G_0.png 4 74 144 286 159 74 211 282 227
584065_粤Y3A592_0.png 4 54 120 225 126 59 176 230 182
512888_闽D661BF_0.png 4 74 164 323 165 79 249 324 246
499945_闽DMF980_0.png 4 64 144 273 135 68 214 280 202
503997_闽DW520Y_0.png 4 69 140 273 138 70 216 274 213
490330_闽DH179H_0.png 4 68 150 284 143 69 229 288 219
501046_闽DJ577A_0.png 4 76 161 283 148 81 243 289 226
503074_闽DZ2Z27_0.png 4 79 147 294 139 83 215 299 205
514677_闽DJ910R_0.png 4 100 209 363 203 103 294 372 288
498143_闽DP068B_0.png 4 70 156 310 153 71 235 314 228
513200_闽A981FG_0.png 4 73 150 278 142 74 218 280 210
493044_闽DM0F85_0.png 4 85 178 350 175 87 263 355 258
492897_闽DVR891_0.png 4 68 145 280 148 72 212 283 213
495935_闽DN007M_1.png 4 74 163 307 160 78 244 312 238
500224_闽DJ3G95_0.png 4 88 192 340 185 91 280 344 268
503745_闽DG6Q82_0.png 4 71 173 330 167 74 254 335 247
584626_粤YFX675_0.png 4 67 129 236 134 71 183 240 191
507342_闽DM0F85_0.png 4 57 176 313 173 60 257 318 252
482789_闽DC6A00_0.png 4 63 145 291 141 65 221 294 213
583756_琼BY1680_0.png 4 51 118 224 117 54 172 229 177
493542_闽D1A201_0.png 4 66 151 270 144 70 216 276 208
505074_闽DFK318_0.png 4 82 167 308 161 83 245 311 236
504066_闽CB5X98_0.png 4 80 167 320 158 82 250 318 240
504230_闽DK7103_0.png 4 75 157 297 150 80 231 302 221
502070_闽D769DW_0.png 4 69 151 287 144 70 223 287 213
583566_粤YSM720_0.png 4 67 137 272 147 68 201 270 214
584102_闽DD067E_0.png 4 53 110 223 114 57 168 224 174
504993_闽DL7A68_0.png 4 72 159 278 148 73 229 281 217
484703_闽DQ026K_0.png 4 92 187 344 177 90 268 343 259
510520_闽DA518Y_0.png 4 85 152 288 144 90 215 292 206
514990_闽D63T19_0.png 4 93 161 307 156 97 245 311 234
507619_闽D76E35_0.png 4 70 137 250 135 73 216 261 208
584487_粤YWL000_0.png 4 40 133 241 139 36 196 237 205
584619_粤E995H0_0.png 4 73 171 309 140 77 245 312 213
484489_闽D18Q28_0.png 4 72 148 270 147 71 227 271 222
492458_闽D623Y5_0.png 4 84 160 321 162 88 248 324 242
512127_闽D172DD_0.png 4 81 174 310 171 83 250 313 240
494601_闽D63T19_0.png 4 95 161 315 159 93 239 315 236
485180_闽DHC073_0.png 4 80 173 321 165 85 254 325 245
496344_闽D5515X_0.png 4 85 161 323 164 85 239 321 238
509706_浙D581KJ_0.png 4 71 155 287 145 73 228 290 213
489661_闽D1832D_0.png 4 73 160 300 158 75 237 302 233
498472_闽C16F61_0.png 4 79 182 325 174 82 258 327 252
512132_闽D280B5_0.png 4 74 145 279 141 75 223 283 214
514717_闽D126BL_0.png 4 64 142 264 135 66 204 267 195
484186_闽DZ2Z27_0.png 4 81 169 332 163 81 252 335 240
512910_闽DG675X_0.png 4 99 193 369 189 100 277 372 274
584488_粤Y2B246_0.png 4 61 121 235 123 64 178 238 185
584542_粤AC530E_0.png 4 38 74 175 98 41 124 179 157
483892_闽D6286M_0.png 4 73 160 311 155 83 239 322 232
584477_粤ESK357_0.png 4 62 124 242 133 68 184 242 191
507958_闽DBW592_0.png 4 75 173 314 170 80 250 314 245
583667_粤YVG974_0.png 4 47 105 205 111 48 160 207 169
507126_闽DD359U_0.png 4 80 171 309 166 86 244 314 240
501072_闽D536BC_0.png 4 73 143 273 142 72 219 273 216
514733_闽DZ2Z27_0.png 4 87 162 313 159 88 238 314 233
482122_闽D2639Q_0.png 4 74 147 288 147 73 227 287 224
485360_闽C990AN_0.png 4 84 175 337 173 86 254 340 250
485133_闽D18Q28_0.png 4 82 180 327 175 85 262 330 254
507986_闽D576DN_0.png 4 89 185 346 179 92 266 352 259
487209_闽DJ0M58_0.png 4 88 187 341 184 90 273 342 266
505769_闽DK596K_0.png 4 80 154 309 147 81 225 308 217
513231_闽D0821Z_0.png 4 72 151 285 142 74 220 286 209
583616_闽CB5X98_1.png 4 7 135 203 126 8 200 205 189
488302_闽D2808Q_0.png 4 75 143 285 139 78 219 289 212
583807_粤Y819E7_0.png 4 57 126 238 128 64 184 241 188
494354_闽DD952B_0.png 4 89 168 324 162 91 246 328 239
491421_闽DRJ217_0.png 4 77 159 290 148 82 230 295 216
514898_闽D7702U_0.png 4 67 133 265 134 62 208 259 203
501077_闽D8385E_1.png 4 11 162 249 158 11 239 249 231
509096_闽D809B9_0.png 4 68 162 304 154 72 234 305 226
483979_闽DVP622_0.png 4 81 166 330 160 82 244 332 238
495715_闽D515G1_0.png 4 89 184 337 182 88 263 337 261
498314_闽DK7103_0.png 4 57 149 297 145 61 229 303 223
584577_粤X416C2_0.png 4 83 182 325 159 85 255 326 233
584368_粤Y72D40_0.png 4 68 130 251 136 72 189 251 197
583962_闽C990AN_0.png 4 83 171 331 165 85 248 334 241
583917_粤WSK567_0.png 4 50 112 227 120 56 174 233 183
504436_闽DNR162_0.png 4 67 154 295 149 71 230 297 222
483132_闽DC762J_0.png 4 85 180 341 172 89 264 347 254
492061_闽DD278B_0.png 4 73 149 288 141 75 217 290 210
503146_闽DJ9Q87_0.png 4 60 148 267 138 65 221 277 207
508094_闽D7601U_0.png 4 84 164 319 164 87 245 318 244
503270_闽DJ577A_0.png 4 87 178 295 162 92 255 300 239
583951_粤YDY151_0.png 4 76 163 293 133 76 234 292 201
513197_闽D8385E_0.png 4 68 145 279 139 70 217 279 207
584324_粤Y8196B_0.png 4 49 106 218 112 54 163 220 172
502615_闽D098N3_0.png 4 69 155 310 151 70 228 311 224
584096_粤XUN050_0.png 4 53 119 223 124 57 175 226 181
507450_闽DF3N37_0.png 4 81 162 325 158 83 236 327 232
503887_闽D079M3_1.png 4 20 169 258 170 21 247 261 245
510727_闽DK530R_0.png 4 72 154 299 147 75 229 301 219
490983_闽D6260K_0.png 4 66 154 318 154 69 232 321 229
584511_粤XJJ050_0.png 4 56 130 233 133 60 189 234 193
497399_闽D3978D_0.png 4 83 173 327 170 82 247 329 246
584407_粤S8616Q_0.png 4 56 114 228 119 58 169 231 173
484481_闽DNJ791_0.png 4 66 148 290 142 65 219 291 214
494878_闽D6926E_0.png 4 76 152 290 148 73 232 289 224
584179_粤X73Z82_1.png 4 135 247 338 253 134 311 334 321
497678_闽DHU921_0.png 4 85 157 289 152 83 239 288 230
509388_闽D576DN_0.png 4 92 187 342 177 96 272 349 257
583616_闽CB5X98_0.png 4 73 140 266 132 74 208 268 196
506718_闽D6898X_0.png 4 73 140 266 140 75 221 268 218
501977_闽D600W9_0.png 4 88 174 333 171 86 254 329 248
503887_闽D079M3_0.png 4 81 166 321 165 82 244 324 241
489273_闽D788CM_0.png 4 68 143 276 136 66 211 273 200
584145_粤GE8230_0.png 4 79 166 298 146 83 236 301 216
584390_粤L1357C_1.png 4 58 114 238 125 61 174 241 187
495847_闽DL025U_0.png 4 62 154 286 145 64 225 285 216
492744_闽D8333V_0.png 4 73 161 297 156 73 235 296 224
498466_闽D8367C_0.png 4 77 150 294 142 82 221 298 214
508458_闽EKC099_0.png 4 71 155 298 152 75 233 304 225
489667_闽D621AH_0.png 4 77 168 311 165 79 242 311 237
500290_闽C1116Q_0.png 4 89 184 339 177 88 268 339 261
500350_闽DJ0M58_0.png 4 81 167 293 166 80 248 293 242
584087_粤YDF319_0.png 4 68 162 288 134 71 235 290 203
537563_闽D7F937_0.png 4 81 166 304 163 78 239 302 233
586883_粤EKA831_1.png 4 48 107 216 108 50 160 218 166
589767_闽D1593E_0.png 4 69 146 275 141 67 220 268 210
589535_粤YA189S_0.png 4 20 104 228 115 23 169 226 180
564901_粤Y7386B_1.png 4 1 115 198 123 1 178 195 190
559686_粤Y37765_0.png 4 67 125 232 128 71 181 235 188
578871_粤X73Z82_1.png 4 59 120 227 117 62 176 231 179
555045_粤E98D99_2.png 4 59 123 249 135 58 183 248 199
589894_粤YVW978_0.png 4 45 93 218 114 44 151 217 174
564647_粤X05F37_1.png 4 91 332 264 339 94 391 265 397
566411_粤AG899S_0.png 4 44 77 189 106 42 139 186 172
559918_粤A5NN18_3.png 4 158 342 320 345 158 397 321 404
588784_粤E2B422_0.png 4 57 138 269 111 56 208 268 177
588341_粤ED1126_0.png 4 54 103 230 119 53 161 231 182
587215_粤YVV151_0.png 4 108 299 280 306 106 355 284 364
558717_粤E51V00_1.png 4 141 220 311 237 139 278 309 297
586727_粤E9110C_0.png 4 67 154 276 132 69 224 280 200
559627_粤YUD313_2.png 4 223 387 393 390 231 441 401 446
586015_粤ESS433_0.png 4 64 129 265 142 61 192 262 206
589623_粤Y453U1_0.png 4 60 155 275 130 58 227 276 200
589495_粤YDE456_0.png 4 74 161 297 134 78 236 301 209
589894_粤YVW978_1.png 4 7 84 179 104 5 140 177 162
578871_粤X73Z82_2.png 4 121 240 287 238 121 296 292 298
586742_粤S8C7G2_0.png 4 68 150 277 124 69 223 277 194
553323_粤E12213_0.png 4 51 113 213 115 54 171 213 174
564574_粤YPD378_0.png 4 69 139 266 150 70 198 268 212
586707_渝BHW664_0.png 4 66 159 288 131 66 230 285 200
586161_粤YXP553_3.png 4 137 148 333 159 138 208 332 220
564487_粤Y37765_0.png 4 54 117 230 118 58 176 232 182
589606_闽D8525L_0.png 4 77 142 273 134 74 217 272 207
557950_粤A596C2_4.png 4 235 440 397 442 243 494 403 499
564049_粤YH1458_0.png 4 87 283 260 288 93 340 264 346
588916_粤Y39290_0.png 4 56 108 216 113 60 160 220 169
563929_粤XLH596_3.png 4 22 188 192 189 26 242 193 247
585015_粤YLG268_0.png 4 45 81 180 106 48 134 179 164
564925_粤YUE090_0.png 4 39 56 152 86 41 111 151 144
590916_粤YHU009_0.png 4 62 127 236 124 64 185 237 186
588461_粤E771B0_0.png 4 43 68 172 96 41 127 169 155
588297_粤EVJ576_1.png 4 116 205 283 230 117 264 282 291
587099_粤Y79M63_1.png 4 144 283 358 257 145 355 360 328
586161_粤YXP553_2.png 4 66 132 263 142 70 193 265 206
590107_粤EEQ552_0.png 4 59 141 283 148 65 207 284 216
586044_粤L1E241_0.png 4 76 164 304 139 76 239 303 209
587637_粤A5567U_0.png 4 54 114 229 116 57 172 229 177
524549_闽DJ3G95_0.png 4 83 180 325 176 86 260 326 254
586709_粤Y057H3_0.png 4 67 132 266 144 64 195 261 208
589889_粤YGN267_0.png 4 51 101 227 120 50 158 225 179
570197_粤A5KA11_0.png 4 59 121 228 125 64 177 232 182
590442_粤Y095Z3_0.png 4 72 161 299 129 69 238 296 202
552972_粤X7683A_0.png 4 61 277 235 280 64 334 237 339
588798_粤EF8168_0.png 4 61 117 221 120 64 171 224 174
587239_粤YSS835_0.png 4 50 91 203 112 54 150 206 174
578871_粤X73Z82_0.png 4 212 347 381 345 216 403 384 404
588376_粤QWS586_1.png 4 85 172 316 146 88 247 317 221
554996_粤YJK079_0.png 4 88 177 305 147 89 251 307 220
567922_粤X0899K_3.png 4 53 108 212 114 56 161 216 170
564036_粤B26CD8_0.png 4 48 95 189 99 51 147 193 156
587263_粤AK2S48_0.png 4 50 100 222 115 55 159 221 176
588376_粤QWS586_0.png 4 41 77 145 81 38 116 142 120
588764_粤XNP266_0.png 4 46 78 187 99 44 133 187 160
590564_粤S8616Q_0.png 4 307 496 480 503 313 553 483 561
588808_粤Y577N3_1.png 4 75 168 292 139 75 241 291 210
586250_粤YSU984_0.png 4 47 84 187 113 49 141 188 173
564494_粤Y37765_0.png 4 58 138 260 142 57 199 258 206
588311_粤Y6Y093_1.png 4 35 252 205 253 37 307 209 311
589781_粤Y39290_0.png 4 56 115 247 132 56 174 246 191
564901_粤Y7386B_0.png 4 65 130 264 139 66 193 263 204
589358_粤EZE345_1.png 4 263 382 431 385 267 438 435 442
586291_粤YNY192_0.png 4 77 175 302 146 77 250 304 220
585923_粤YMR565_1.png 4 56 130 289 95 55 209 286 172
588331_闽DU9896_1.png 4 119 219 335 208 123 292 339 277
588246_闽DDJ971_0.png 4 75 158 296 152 82 234 300 223
588892_粤BD18Z9_0.png 4 77 159 308 161 80 230 308 234
587335_辽MR4978_0.png 4 61 145 271 117 62 214 270 185
557335_粤Y22839_0.png 4 61 111 243 121 64 168 243 178
589530_粤Y74798_0.png 4 63 158 271 131 67 227 273 198
587979_粤EVJ576_0.png 4 44 64 163 96 45 121 163 154
588839_粤EML939_0.png 4 55 76 155 106 59 135 157 165
564916_粤RLS399_0.png 4 68 140 272 147 69 203 272 211
587066_粤E2B422_0.png 4 58 118 230 123 64 172 234 183
587999_粤YCE387_0.png 4 73 161 286 138 72 226 284 203
587284_粤ELE055_0.png 4 84 171 306 147 86 245 308 217
564706_粤E5686D_1.png 4 61 126 255 130 69 188 256 195
589484_粤A5567U_0.png 4 57 137 267 117 57 209 268 187
587131_粤YN2259_0.png 4 74 161 303 129 74 234 296 199
553021_粤J6270T_1.png 4 140 171 311 174 144 225 311 229
588892_粤BD18Z9_1.png 4 12 149 243 152 17 223 249 226
587134_粤YKB678_0.png 4 72 152 285 122 76 226 289 194
523328_闽D126BL_0.png 4 59 130 233 120 64 193 238 180
566404_粤YA605C_0.png 4 59 124 242 127 62 183 244 188
586755_粤Y0207K_0.png 4 70 168 291 138 70 243 288 208
586078_粤YJG300_0.png 4 64 126 236 130 66 181 236 188
563929_粤XLH596_2.png 4 47 143 216 145 52 199 219 202
556295_粤BF5841_0.png 4 84 171 339 171 86 240 339 240
568057_粤YYG666_3.png 4 46 112 232 124 47 170 231 184
588066_粤B525LC_0.png 4 54 105 219 125 54 161 218 185
590107_粤EEQ552_1.png 4 1 127 217 134 1 193 219 201
556514_粤Y068J8_0.png 4 75 153 292 124 75 228 291 195
565049_粤S49D77_1.png 4 28 154 230 151 27 216 231 214
588311_粤Y6Y093_0.png 4 100 245 270 246 100 302 272 303
588826_粤HC7079_0.png 4 49 262 220 269 51 321 222 329
564117_粤EZL350_0.png 4 42 75 169 101 47 133 171 160
587037_粤YMF229_0.png 4 68 121 240 125 68 177 239 185
588493_粤YLN702_0.png 4 83 176 308 143 85 255 304 217
579041_粤CUN096_0.png 4 48 147 279 151 53 212 281 217
565049_粤S49D77_0.png 4 68 136 270 133 65 196 269 193
589714_粤E0066D_0.png 4 42 70 179 103 43 129 180 166
588832_闽DJ0M58_0.png 4 79 180 336 174 80 269 336 260
587229_赣D7T682_0.png 4 62 146 267 125 62 210 264 187
568295_粤YDG839_0.png 4 56 110 221 114 59 165 224 170
569254_粤AM09X1_0.png 4 30 74 153 79 29 112 149 119
588331_闽DU9896_0.png 4 61 147 280 137 67 222 283 208
550435_粤S1T8V1_0.png 4 107 287 269 296 110 344 272 357
550435_粤S1T8V1_1.png 4 209 340 371 349 213 398 373 410
562137_浙C38R82_1.png 4 5 100 172 106 6 152 174 162
552012_粤BY272H_1.png 4 192 299 358 305 196 356 359 365
552012_粤BY272H_3.png 4 21 206 190 212 23 262 191 271
569011_粤YGU035_1.png 4 116 138 322 134 115 202 322 197
564706_粤E5686D_0.png 4 247 366 438 369 252 425 440 432
565449_粤B4387R_0.png 4 54 118 254 128 53 182 251 195
536422_闽C9327W_0.png 4 70 138 259 137 73 221 260 214
562865_粤B0G9F9_1.png 4 148 157 322 166 154 210 327 223
576327_粤ETH195_0.png 4 59 119 234 121 64 176 238 181
587592_浙F921XE_0.png 4 65 140 274 132 66 208 273 197
537134_闽D9191S_0.png 4 84 165 297 165 83 248 296 242
522691_闽D1A201_0.png 4 77 170 304 165 83 246 311 238
497903_闽D6286M_0.png 4 80 166 323 169 84 248 328 247
551935_粤YHR176_0.png 4 43 92 162 89 47 131 164 128
572058_粤EHS680_0.png 4 78 164 289 150 76 233 290 218
521008_闽DD278B_0.png 4 75 168 322 170 76 246 322 243
495089_闽DU163E_0.png 4 83 169 307 160 86 242 312 231
562170_粤Y65597_0.png 4 80 131 246 136 84 184 248 192
579079_粤X033B0_0.png 4 45 106 236 120 47 165 234 180
496614_闽D670P0_0.png 4 88 177 321 172 88 254 322 245
566310_粤AV929L_0.png 4 53 114 227 120 57 170 231 180
489064_闽D086N2_0.png 4 147 166 408 163 149 251 409 247
496485_闽DR865L_0.png 4 64 146 285 139 68 216 285 208
496193_闽D8836G_0.png 4 75 173 326 171 79 256 330 251
562865_粤B0G9F9_0.png 4 55 112 229 121 61 166 234 179
489789_闽DJ910R_0.png 4 90 172 334 170 93 251 340 247
586218_浙F921XE_0.png 4 87 151 294 144 86 230 295 218
573645_粤XJJ050_0.png 4 62 129 232 134 65 187 237 195
529418_闽D1A201_0.png 4 82 173 309 167 87 251 314 240
498028_闽D661BF_0.png 4 67 144 299 135 71 222 304 211
554435_粤YXN727_0.png 4 38 62 156 91 40 119 158 149
524973_闽D658V0_0.png 4 83 153 277 145 86 218 278 208
576505_闽D085V9_0.png 4 143 153 380 148 145 244 379 234
563979_粤YSA113_0.png 4 91 152 268 159 95 210 270 218
573160_粤ESA006_0.png 4 48 70 161 100 50 130 161 159
485421_闽D073V3_0.png 4 103 155 301 151 107 236 306 227
577409_粤ETH195_0.png 4 56 117 237 120 61 175 240 182
569320_闽DU163E_0.png 4 83 167 319 169 85 247 321 246
562046_粤YJ7455_0.png 4 57 157 279 124 61 222 276 190
564203_浙C38R82_1.png 4 122 251 355 252 122 319 356 320
587592_浙F921XE_1.png 4 120 135 328 129 121 201 327 191
548918_粤A4775P_0.png 4 41 71 180 98 43 130 178 159
495565_闽D5Z963_0.png 4 105 187 362 186 109 266 365 264
564203_浙C38R82_0.png 4 67 152 301 151 69 214 302 217
586169_闽DX712S_0.png 4 78 167 320 168 76 244 317 240
554717_粤AH09W3_0.png 4 74 124 248 130 77 179 250 190
534997_闽DN007M_0.png 4 73 161 310 157 77 246 312 237
553263_桂JLV833_0.png 4 44 67 160 99 38 124 156 161
574747_粤J7015W_0.png 4 74 121 270 137 72 185 268 202
554204_粤CLL790_0.png 4 46 164 274 140 48 239 277 211
549008_粤C11P75_0.png 4 29 45 124 71 29 99 124 129
552411_苏AX752P_0.png 4 55 113 233 129 60 170 234 187
549802_粤YSY771_0.png 4 26 22 104 53 24 81 100 116
553718_粤YWU915_0.png 4 52 116 226 121 64 175 236 181
588007_闽D6286M_0.png 4 74 152 304 152 78 227 303 224
579396_粤YBE738_0.png 4 45 153 269 146 47 220 267 208
577527_辽MR4978_0.png 4 48 116 232 117 55 175 234 178
563486_粤YWU915_0.png 4 49 117 226 121 59 173 233 179
521103_闽DD952B_0.png 4 76 167 329 162 77 249 330 242
497588_冀CTZ237_0.png 4 87 179 317 174 96 257 323 248
586591_闽DJ5Q21_0.png 4 38 80 176 72 38 144 177 132
498977_闽DU163E_0.png 4 105 182 366 178 108 268 369 261
579707_粤Y37765_0.png 4 66 127 266 139 67 190 264 203
559349_赣B81705_0.png 4 46 102 228 120 46 161 230 181
504533_闽DU163E_0.png 4 96 187 343 184 99 272 349 265
557614_粤Y0020L_0.png 4 58 110 233 115 60 172 236 181
552013_粤X70F08_0.png 4 58 125 234 128 64 183 237 187
585465_辽MR4978_0.png 4 52 123 239 125 56 182 241 188
553443_粤XJJ050_0.png 4 71 145 269 152 73 205 267 214
497798_闽D06218_0.png 4 87 178 342 177 90 258 340 257
545896_闽D156H8_0.png 4 74 161 300 161 75 233 300 231